Td	ID	Tj	Df	Dd	Db	
3	2003	2	-842150453	842150454	1
3	2006	2	-842150453	842150454	1
3	2005	2	-842150453	842150454	1
3	5	2	1	0	1
6	1	2	1	3	4
5	2013	4	-842150455	842150456	1
5	2008	4	-842150455	842150456	1
5	21	4	1	0	1
6	1	2	1	3	4
7	2018	6	0	1	1
7	28	6	1	0	1
8	6	2	5	1	6
9	2025	9	-842150460	842150460	0
9	2027	9	-842150460	842150460	0
9	2024	9	-842150460	842150460	0
9	2026	9	-842150460	842150460	0
9	29	8	1	0	1
10	7	2	8	0	8
11	2022	9	0	2	2
11	2036	10	-842150461	842150462	1
11	11	3	8	0	8
12	2031	10	-842150461	842150463	2
12	48	12	0	0	0
13	45	12	1	0	1
14	2041	10	3	1	4
14	2032	10	0	4	4
14	54	13	1	0	1
15	27	6	9	0	9
15	32	8	-842150459	842150466	7
16	2029	10	1	5	6
16	61	16	0	0	0
17	34	8	8	1	9
18	68	18	0	0	0
19	71	19	0	0	0
20	78	20	0	0	0
21	85	21	0	0	0
22	92	22	0	0	0
23	101	23	0	0	0
24	2067	23	-842150474	842150475	1
24	112	24	0	0	0
25	2069	23	-842150474	842150476	2
25	2074	24	-842150475	842150476	1
25	2076	24	-842150475	842150476	1
25	119	25	0	0	0
26	2058	22	1	3	4
26	123	26	0	0	0
27	40	11	16	0	16
28	127	27	1	0	1
29	2085	29	-842150480	842150480	0
29	49	12	17	0	17
30	2071	24	5	1	6
30	2082	26	0	4	4
30	2064	23	1	6	7
30	2056	22	5	3	8
30	140	30	0	0	0
31	2087	29	1	1	2
31	2094	31	-842150482	842150482	0
31	147	30	1	0	1
32	2092	31	0	1	1
32	4	2	30	0	30
33	2101	33	-842150484	842150484	0
33	154	32	1	0	1
34	2107	33	-842150484	842150485	1
34	160	34	0	0	0
35	2099	33	0	2	2
35	2114	34	-842150485	842150486	1
35	168	34	1	0	1
36	2113	34	1	1	2
36	2121	35	-842150486	842150487	1
36	174	36	0	0	0
37	2128	36	-842150487	842150488	1
37	182	36	1	0	1
38	2127	36	1	1	2
39	26	6	32	1	33
39	26	6	32	1	33

Battle result: 	Win
For Earth Army:
	 - ES_Total : 138 , EG_Total : 4 , ET_Total : 13
	 - DestructedES % : 9% , DestructedEG % : 100% , DestructedET %: 100%
	 - DestructedEU % : 19%
	 - Av Df : 3 , Av Dd : 0 , Av Db : 6
	 - Df/Db % : 91% , Dd/Db % : 5%

For Alien Army:
	 - AS_Total : 7 , AD_Total : 109 , AM_Total : 24
	 - DestructedAS % : 100% , DestructedAD % : 5% , DestructedAM %: 100%
	 - DestructedAU % : 26%
	 - Av Df : 0 , Av Dd : 0 , Av Db : 1
	 - Df/Db % : 26% , Dd/Db % : 50%
