Td	ID	Tj	Df	Dd	Db	
3	2003	2	0	1	1
3	2006	2	0	1	1
3	2005	2	0	1	1
3	2004	2	-842150453	842150454	1
3	2002	2	-842150453	842150454	1
3	6	3	0	0	0
6	1	3	0	3	3
6	1	3	0	3	3
6	1	3	0	3	3
7	10	6	1	0	1
7	17	7	0	0	0
8	9	6	2	0	2
8	5	3	-842150454	842150459	5
37	7	3	6	28	34
10	13	6	4	0	4
11	2011	6	1	4	5
11	42	10	1	0	1
12	2020	11	-842150462	842150463	1
15	18	7	4	4	8
15	18	7	4	4	8
15	18	7	4	4	8
15	18	7	4	4	8
16	2026	14	1	1	2
16	48	15	1	0	1
17	2028	16	0	1	1
17	45	15	2	0	2
18	58	17	1	0	1
19	2041	18	-842150469	842150470	1
22	2	3	14	5	19
22	2	3	14	5	19
22	2	3	14	5	19
22	2	3	14	5	19
23	2047	21	1	1	2
23	69	22	1	0	1
24	2049	23	0	1	1
24	66	22	2	0	2
25	79	24	1	0	1
26	2062	25	-842150476	842150477	1
29	25	8	16	5	21
29	25	8	16	5	21
29	25	8	16	5	21
29	25	8	16	5	21
30	2068	28	1	1	2
30	90	29	1	0	1
31	87	29	2	0	2
32	2070	30	0	2	2
32	2083	30	1	1	2
32	95	32	0	0	0
33	103	32	1	0	1
34	31	9	25	0	25
34	31	9	25	0	25
35	32	9	26	0	26
36	2110	35	-842150486	842150487	1
36	2080	30	2	4	6
36	2109	35	-842150486	842150487	1
36	2108	35	-842150486	842150487	1
36	110	36	0	0	0
37	7	3	6	28	34
38	11	6	32	0	32
39	121	39	0	0	0

Battle result: 	Loss
For Earth Army:
	 - ES_Total : 119 , EG_Total : 3 , ET_Total : 10
	 - DestructedES % : 19% , DestructedEG % : 100% , DestructedET %: 100%
	 - DestructedEU % : 27%
	 - Av Df : 4 , Av Dd : 3 , Av Db : 11
	 - Df/Db % : 68% , Dd/Db % : 30%

For Alien Army:
	 - AS_Total : 3 , AD_Total : 100 , AM_Total : 16
	 - DestructedAS % : 100% , DestructedAD % : 6% , DestructedAM %: 68%
	 - DestructedAU % : 16%
	 - Av Df : 0 , Av Dd : 0 , Av Db : 1
	 - Df/Db % : 20% , Dd/Db % : 55%
