Td	ID	Tj	Df	Dd	Db	
1	2	1	-842150452	842150452	0
2	19	2	-842150453	842150453	0
3	33	3	-842150454	842150454	0
4	47	4	-842150455	842150455	0
5	61	5	-842150456	842150456	0
6	75	6	-842150457	842150457	0
7	89	7	-842150458	842150458	0
8	103	8	-842150459	842150459	0
9	117	9	-842150460	842150460	0
10	131	10	-842150461	842150461	0
11	145	11	-842150462	842150462	0
12	159	12	-842150463	842150463	0
13	173	13	-842150464	842150464	0
14	187	14	-842150465	842150465	0
15	201	15	-842150466	842150466	0
16	215	16	-842150467	842150467	0
17	229	17	-842150468	842150468	0
18	243	18	-842150469	842150469	0
19	257	19	-842150470	842150470	0
20	271	20	-842150471	842150471	0
39	283	21	-842150472	842150490	18
39	283	21	-842150472	842150490	18
39	283	21	-842150472	842150490	18
39	283	21	-842150472	842150490	18
39	283	21	-842150472	842150490	18
39	283	21	-842150472	842150490	18
39	283	21	-842150472	842150490	18
39	283	21	-842150472	842150490	18
39	283	21	-842150472	842150490	18
39	283	21	-842150472	842150490	18
39	283	21	-842150472	842150490	18
39	283	21	-842150472	842150490	18
39	283	21	-842150472	842150490	18
39	283	21	-842150472	842150490	18
39	283	21	-842150472	842150490	18
39	283	21	-842150472	842150490	18
39	283	21	-842150472	842150490	18
39	283	21	-842150472	842150490	18
39	283	21	-842150472	842150490	18

Battle result: 	Win

For Earth Army:
	 - ES_Total : 353 , EG_Total : 0 , ET_Total : 139
	 - DestructedES % : 0% , DestructedEG % is Undefined , DestructedET %: 28%
	 - DestructedEU % : 7%
	 - Av_Df : 3081036 , Av_Dd : -38868457 , Av_Db : 8
	 - Df/Db % : 3693455% , Dd/Db % : -3693355%

For Alien Army:
	 - AS_Total : 0 , AD_Total : 0 , AM_Total : 0
	 - DestructedAS % is Undefined , DestructedAD % is Undefined , DestructedAM % is Undefined
	 - DestructedAU % is Undefined
	 - Av_Df is Undefined , Av_Dd is Undefined , Av_Db is Undefined
	 - Df/Db % is Undefined , Dd/Db % is Undefined
