Td	ID	Tj	Df	Dd	Db	
1	1	1	0	0	0
1	3	1	0	0	0
2	7	1	0	1	1
4	39	4	0	0	0
4	33	4	0	0	0
4	31	4	0	0	0
5	28	3	2	0	2
6	2010	2	0	4	4
6	9	1	0	5	5
6	59	6	0	0	0
6	53	6	0	0	0
6	51	6	0	0	0
7	35	4	3	0	3
8	25	3	1	4	5
9	45	5	4	0	4
9	89	9	0	0	0
9	83	9	0	0	0
9	81	9	0	0	0
9	75	8	0	1	1
10	55	6	4	0	4
10	10	1	0	9	9
11	106	11	0	0	0
12	38	4	3	5	8
12	119	12	0	0	0
12	113	12	0	0	0
12	111	12	0	0	0
13	129	13	0	0	0
13	85	9	4	0	4
15	2061	7	0	8	8
15	48	5	4	6	10
15	91	10	5	0	5
15	149	15	0	0	0
15	143	15	0	0	0
15	141	15	0	0	0
16	98	10	6	0	6
16	158	16	0	0	0
16	152	16	0	0	0
16	27	3	2	11	13
17	2104	11	0	6	6
17	6	1	0	16	16
17	8	1	0	16	16
17	169	17	0	0	0
18	180	18	0	0	0
19	68	7	4	8	12
20	118	12	8	0	8
20	36	4	3	13	16
20	37	4	3	13	16
20	14	2	0	18	18
20	121	13	7	0	7
20	128	13	7	0	7
21	209	21	0	0	0
23	145	15	8	0	8
24	47	5	4	15	19
24	239	24	0	0	0
24	92	10	5	9	14
24	96	10	5	9	14
24	154	16	8	0	8
24	157	16	8	0	8
25	88	9	5	11	16
25	161	17	8	0	8
25	168	17	8	0	8
26	57	6	4	16	20
27	99	10	6	11	17
27	179	18	9	0	9
27	109	11	7	9	16
27	269	27	0	0	0
27	110	11	7	9	16
28	26	3	2	23	25
28	115	12	7	9	16
29	198	20	9	0	9
29	127	13	7	9	16
29	201	21	8	0	8
30	299	30	0	0	0
30	208	21	9	0	9
30	17	2	0	28	28
30	22	3	1	26	27
31	125	13	7	11	18
32	225	23	9	0	9
33	329	33	0	0	0
33	238	24	9	0	9
36	255	26	10	0	10
36	359	36	0	0	0
36	172	18	8	10	18
37	148	15	9	13	22
37	93	10	5	22	27
37	56	6	4	27	31
37	176	18	8	11	19
37	268	27	10	0	10
39	389	39	0	0	0
40	288	29	11	0	11
40	195	20	9	11	20

Battle result: 	Loss

For Earth Army:
	 - ES_Total : 216 , EG_Total : 0 , ET_Total : 30
	 - DestructedES % : 27% , DestructedEG % is Undefined , DestructedET %: 96%
	 - DestructedEU % : 35%
	 - Av_Df : 5 , Av_Dd : 4 , Av_Db : 8
	 - Df/Db % : 147% , Dd/Db % : 57%

For Alien Army:
	 - AS_Total : 48 , AD_Total : 326 , AM_Total : 26
	 - DestructedAS % : 0% , DestructedAD % : 0% , DestructedAM %: 11%
	 - DestructedAU % : 0%
	 - Av_Df : 0 , Av_Dd : 6 , Av_Db : 6
	 - Df/Db % : 0% , Dd/Db % : 100%
