Td	ID	Tj	Df	Dd	Db	
6	2007	3	1	2	3
6	2015	4	0	2	2
6	2006	3	1	2	3
7	2012	4	0	3	3
7	2004	1	3	3	6
8	2003	1	3	4	7
9	2009	3	1	5	6
9	2011	3	1	5	6
9	2017	4	1	4	5
9	2016	4	1	4	5
9	2010	3	2	4	6
9	2002	1	4	4	8
9	2001	1	4	4	8
10	2005	1	3	6	9
10	2008	3	1	6	7
10	2013	4	0	6	6
10	2023	7	0	3	3
10	2000	1	4	5	9
11	2028	9	0	2	2
11	2024	9	0	2	2
11	2014	4	1	6	7
12	2021	7	0	5	5
13	2022	7	0	6	6
13	2032	12	0	1	1
13	2026	9	0	4	4
13	2020	7	0	6	6
13	2018	7	0	6	6
13	2027	9	0	4	4
13	2029	9	0	4	4
14	2019	7	0	7	7
14	2025	9	0	5	5
14	2031	12	0	2	2
14	2034	12	0	2	2
14	2035	12	0	2	2
16	2030	12	0	4	4
19	2033	12	0	7	7
20	2038	19	0	1	1
21	2040	19	0	2	2
21	2041	19	0	2	2
23	2045	21	0	2	2
23	2036	19	0	4	4
24	2039	19	0	5	5
24	2047	21	0	3	3
24	2046	21	0	3	3
24	2043	21	0	3	3
24	2037	19	0	5	5
25	2042	21	0	4	4
25	2051	22	0	3	3
26	2050	22	0	4	4
27	2044	21	0	6	6
27	2049	22	0	5	5
27	2053	22	0	5	5
27	2052	22	0	5	5
27	2059	24	0	3	3
27	2048	22	0	5	5
28	2055	24	0	4	4
28	2062	26	0	2	2
29	2064	26	1	2	3
29	2065	26	0	3	3
29	2058	24	0	5	5
30	2069	28	0	2	2
30	2056	24	0	6	6
30	2054	24	0	6	6
30	2060	26	0	4	4
31	2067	28	0	3	3
32	2075	29	0	3	3
32	2078	30	0	2	2
32	2057	24	0	8	8
32	2070	28	0	4	4
33	2061	26	0	7	7
33	2071	28	0	5	5
33	2066	28	0	5	5
33	2063	26	0	7	7
33	2068	28	0	5	5
34	2080	30	0	4	4
34	2082	30	0	4	4
35	2076	29	0	6	6
35	2081	30	0	5	5
35	2083	30	0	5	5
35	2085	34	0	1	1
35	2077	29	0	6	6
35	2079	30	0	5	5
36	2089	34	0	2	2
37	2087	34	0	3	3
37	2088	34	0	3	3
37	2074	29	0	8	8
38	2091	35	0	3	3
38	2094	35	0	3	3
38	2073	29	0	9	9
39	2106	37	0	2	2
39	2104	37	0	2	2
39	2100	36	0	3	3
39	2072	29	0	10	10
39	2095	35	0	4	4
40	2093	35	0	5	5
40	2090	35	0	5	5
41	2097	36	0	5	5
41	2098	36	0	5	5
41	2101	36	0	5	5
41	2107	37	0	4	4
42	2084	34	0	8	8
42	2105	37	0	5	5
42	2096	36	0	6	6
43	2092	35	0	8	8
43	2099	36	0	7	7
43	2111	41	0	2	2
44	2086	34	0	10	10
44	2102	37	0	7	7
44	2103	37	0	7	7
45	2108	41	0	4	4
46	2124	44	0	2	2
46	2112	41	1	4	5
47	2110	41	0	6	6
47	2121	44	0	3	3
47	2126	45	0	2	2
47	2131	45	0	2	2
47	2113	41	1	5	6
47	2115	43	0	4	4
47	2116	43	0	4	4
47	2118	43	0	4	4
48	2109	41	0	7	7
48	2127	45	0	3	3
48	2128	45	0	3	3
48	2125	44	0	4	4
49	2119	43	0	6	6
49	2120	44	0	5	5
49	2122	44	0	5	5
49	2117	43	0	6	6
49	2129	45	0	4	4
50	2123	44	0	6	6
50	2137	47	0	3	3
50	2114	43	0	7	7
51	2133	47	0	4	4
51	2132	47	0	4	4
51	2130	45	0	6	6
51	2135	47	0	4	4
52	2136	47	0	5	5
53	2143	51	0	2	2
53	2139	51	0	2	2
54	2141	51	0	3	3
54	2134	47	0	7	7
55	2145	53	0	2	2
55	2146	53	0	2	2
55	2138	51	0	4	4
55	2140	51	0	4	4
56	2142	51	0	5	5
56	2148	53	0	3	3
56	2149	53	0	3	3
57	2147	53	0	4	4
58	2155	54	0	4	4
58	2144	53	0	5	5
58	2151	54	0	4	4
58	2150	54	0	4	4
58	2152	54	0	4	4
58	2154	54	0	4	4
59	2153	54	0	5	5
60	8	5	0	55	55
60	2	4	0	56	56
60	5	4	0	56	56
60	25	13	1	46	47
60	12	5	0	55	55
60	47	16	3	41	44
60	48	16	3	41	44
60	46	16	3	41	44
60	51	18	1	41	42
61	2160	59	0	2	2
62	2157	59	0	3	3
62	2156	59	0	3	3
62	2158	59	0	3	3
63	2161	59	0	4	4
63	2159	59	0	4	4
64	2164	62	0	2	2
64	2163	62	0	2	2
65	2162	62	0	3	3
66	2166	62	0	4	4
66	2167	62	0	4	4
67	2165	62	0	5	5
69	2173	67	0	2	2
69	2172	67	0	2	2
69	2170	67	0	2	2
71	2171	67	0	4	4
71	2168	67	0	4	4
72	2169	67	0	5	5
74	2175	72	0	2	2
74	2179	72	0	2	2
74	2177	72	0	2	2
75	2174	72	0	3	3
75	2176	72	0	3	3
75	2178	72	0	3	3

Battle result: 	Win

For Earth Army:
	 - ES_Total : 97 , ET_Total : 60 , EG_Total : 57
	 - DestructedES % : 5.15464% , DestructedET %: 6.66667% , DestructedEG % : 0%
	 - DestructedEU % : 4.20561%
	 - Av_Df : 1.22222 , Av_Dd : 48 , Av_Db : 49.2222
	 - Df/Db % : 2.48307% , Dd/Db % : 97.5169%
	 - Total Healed Units : 13
	 - Healed Soldiers : 6	 , Fixed Tanks : 7
	 - Healing % : 6.07477%
	 - Infection % : 10.3093%

For Alien Army:
	 - AS_Total : 70 , AM_Total : 64 , AD_Total : 46
	 - DestructedAS % : 100% , DestructedAM %: 100% , DestructedAD % : 100%
	 - DestructedAU % : 100%
	 - Av_Df : 0.188889 , Av_Dd : 4.12778 , Av_Db : 4.31667
	 - Df/Db % : 4.3758% , Dd/Db % : 95.6242%
