Td	ID	Tj	Df	Dd	Db	
4	2004	1	1	2	3
5	2002	1	1	3	4
5	2006	1	1	3	4
5	2019	2	0	3	3
5	2007	1	1	3	4
6	2012	2	0	4	4
7	2013	2	0	5	5
7	2015	2	0	5	5
7	2016	2	0	5	5
7	2005	1	1	5	6
7	2017	2	0	5	5
7	2014	2	0	5	5
8	2025	5	0	3	3
8	2029	5	0	3	3
8	2023	5	0	3	3
8	2018	2	0	6	6
8	2010	2	0	6	6
8	2009	1	1	6	7
8	2008	1	1	6	7
8	2003	1	1	6	7
9	2011	2	0	7	7
9	2001	1	2	6	8
9	2000	1	2	6	8
10	2020	5	0	5	5
11	2027	5	0	6	6
11	2024	5	0	6	6
12	2022	5	0	7	7
12	2028	5	0	7	7
12	2021	5	0	7	7
12	15	3	0	9	9
13	2026	5	0	8	8
13	70	8	0	5	5
15	2031	12	0	3	3
16	2036	12	0	4	4
16	2030	12	0	4	4
17	2049	14	0	3	3
17	2044	14	0	3	3
17	2043	14	0	3	3
18	2055	15	0	3	3
18	2058	15	0	3	3
18	2039	12	0	6	6
18	2032	12	0	6	6
18	2037	12	0	6	6
19	2035	12	0	7	7
19	2034	12	0	7	7
19	2033	12	0	7	7
19	2038	12	0	7	7
20	2045	14	0	6	6
20	2047	14	0	6	6
21	2046	14	0	7	7
21	2053	15	0	6	6
21	2051	15	0	6	6
21	2040	14	0	7	7
21	2041	14	0	7	7
21	2059	15	0	6	6
22	2042	14	0	8	8
22	2048	14	0	8	8
22	2052	15	0	7	7
22	2056	15	0	7	7
22	2057	15	0	7	7
22	2050	15	0	7	7
22	110	16	0	6	6
22	9	2	0	20	20
23	2064	20	0	3	3
23	2061	20	0	3	3
23	49	6	0	17	17
23	113	17	0	6	6
23	115	17	0	6	6
23	76	9	0	14	14
24	2072	21	0	3	3
24	2071	21	0	3	3
24	2067	20	0	4	4
24	2054	15	0	9	9
24	20	3	0	21	21
24	105	16	0	8	8
24	10	2	0	22	22
24	103	16	0	8	8
24	8	2	0	22	22
24	42	6	0	18	18
24	117	17	0	7	7
24	65	8	0	16	16
24	18	3	0	21	21
24	94	14	0	10	10
25	79	9	0	16	16
25	19	3	0	22	22
25	104	16	0	9	9
25	51	7	0	18	18
25	89	10	0	15	15
25	78	9	0	16	16
25	60	7	0	18	18
25	16	3	0	22	22
25	71	9	0	16	16
25	27	4	0	21	21
25	21	4	0	21	21
25	47	6	0	19	19
25	2077	21	0	4	4
25	2079	21	0	4	4
26	2088	23	0	3	3
26	2082	23	0	3	3
26	2068	20	0	6	6
26	2066	20	0	6	6
26	2065	20	0	6	6
26	2062	20	0	6	6
26	2060	20	0	6	6
26	2073	21	0	5	5
26	4	2	0	24	24
26	90	10	0	16	16
26	37	5	0	21	21
26	127	18	0	8	8
26	26	4	0	22	22
26	2069	20	0	6	6
27	2081	23	0	4	4
27	2075	21	0	6	6
27	2063	20	0	7	7
27	2070	21	0	6	6
27	135	21	0	6	6
27	86	10	0	17	17
27	119	17	0	10	10
27	59	7	0	20	20
27	123	18	0	9	9
27	45	6	0	21	21
27	93	14	0	13	13
27	69	8	0	19	19
27	2078	21	0	6	6
28	2093	24	0	4	4
28	2106	25	0	3	3
28	2108	25	0	3	3
28	2107	25	0	3	3
28	157	24	0	4	4
28	34	5	0	23	23
28	155	24	0	4	4
29	2076	21	0	8	8
29	2083	23	0	6	6
29	2086	23	0	6	6
29	2109	25	0	4	4
29	2103	25	0	4	4
29	2100	25	0	4	4
30	2084	23	0	7	7
30	2087	23	0	7	7
30	2110	26	0	4	4
30	2126	27	0	3	3
30	2112	26	0	4	4
30	2074	21	0	9	9
30	160	24	0	6	6
30	2080	23	0	7	7
31	2122	27	0	4	4
31	2094	24	0	7	7
31	2085	23	0	8	8
31	30	4	0	27	27
31	25	4	0	27	27
31	6	2	0	29	29
31	95	14	0	17	17
31	97	14	0	17	17
31	54	7	0	24	24
31	48	6	0	25	25
31	39	5	0	26	26
31	43	6	0	25	25
31	64	8	0	23	23
31	66	8	0	23	23
31	168	26	0	5	5
32	2095	24	0	8	8
32	2096	24	0	8	8
32	2091	24	0	8	8
32	40	5	0	27	27
32	7	2	0	30	30
32	44	6	0	26	26
32	88	10	0	22	22
32	5	2	0	30	30
32	38	5	0	27	27
32	63	8	0	24	24
32	100	14	0	18	18
32	46	6	0	26	26
32	87	10	0	22	22
32	56	7	0	25	25
32	58	7	0	25	25
32	67	8	0	24	24
32	82	10	0	22	22
32	170	26	0	6	6
33	2097	24	0	9	9
33	167	26	0	7	7
33	2090	24	0	9	9
33	2092	24	0	9	9
33	2102	25	0	8	8
33	2104	25	0	8	8
33	2098	24	0	9	9
34	2099	24	0	10	10
34	2111	26	1	7	8
34	2115	26	1	7	8
34	2117	26	1	7	8
34	2113	26	0	8	8
34	2101	25	0	9	9
34	177	29	0	5	5
34	180	29	0	5	5
34	2114	26	1	7	8
34	2118	26	1	7	8
34	2105	25	0	9	9
35	2127	27	0	8	8
35	2116	26	1	8	9
35	2120	27	0	8	8
35	2129	27	0	8	8
35	2128	27	0	8	8
35	2125	27	0	8	8
35	2123	27	0	8	8
35	2089	23	0	12	12
36	2124	27	0	9	9
36	2132	33	0	3	3
36	2119	26	0	10	10
36	2121	27	0	9	9
37	2139	33	0	4	4
37	145	22	0	15	15
37	147	22	0	15	15
37	150	22	0	15	15
37	120	17	0	20	20
37	158	24	0	13	13
37	74	9	1	27	28
37	193	31	0	6	6
37	172	29	0	8	8
37	198	31	0	6	6
38	2145	35	0	3	3
38	2146	35	0	3	3
39	2150	36	0	3	3
39	2152	36	0	3	3
40	2153	36	0	4	4
40	2151	36	0	4	4
40	2133	33	0	7	7
40	2130	33	0	7	7
40	2141	35	0	5	5
41	2161	37	0	4	4
41	2179	38	0	3	3
41	2171	38	0	3	3
41	2138	33	0	8	8
41	2134	33	0	8	8
41	2159	36	0	5	5
41	2137	33	0	8	8
41	2136	33	0	8	8
42	2135	33	0	9	9
42	2178	38	0	4	4
42	2147	35	0	7	7
42	2142	35	0	7	7
43	2131	33	0	10	10
43	2140	35	0	8	8
43	2143	35	0	8	8
43	2183	41	0	2	2
43	2148	35	0	8	8
44	2154	36	0	8	8
44	2144	35	0	9	9
44	2184	41	0	3	3
44	2181	41	0	3	3
44	2177	38	0	6	6
44	2163	37	0	7	7
44	2169	37	0	7	7
45	2158	36	0	9	9
45	2149	35	0	10	10
45	2156	36	0	9	9
45	2175	38	0	7	7
45	2157	36	0	9	9
45	2180	41	0	4	4
45	2188	41	0	4	4
45	2170	38	0	7	7
45	2165	37	0	8	8
45	2160	37	0	8	8
45	2176	38	0	7	7
45	2173	38	0	7	7
45	2172	38	0	7	7
46	2186	41	0	5	5
46	206	35	0	11	11
46	216	37	0	9	9
46	207	35	0	11	11
46	222	39	0	7	7
46	208	35	0	11	11
46	2155	36	0	10	10
46	2162	37	0	9	9
46	2168	37	1	8	9
47	2174	38	0	9	9
47	2164	37	1	9	10
47	2167	37	1	9	10
47	2185	41	0	6	6
47	2187	41	0	6	6
47	2166	37	1	9	10
47	2182	41	0	6	6
49	2189	41	0	8	8
49	235	40	0	9	9
50	212	37	0	13	13
51	236	40	0	11	11
51	204	35	0	16	16
52	2195	49	0	3	3
52	268	45	0	7	7
52	278	47	2	3	5
52	241	42	0	10	10
52	234	40	0	12	12
53	2197	49	0	4	4
53	280	47	2	4	6
53	249	42	0	11	11
53	282	49	0	4	4
53	272	47	2	4	6
53	290	49	0	4	4
53	202	35	0	18	18
53	262	45	0	8	8
53	242	42	0	11	11
53	286	49	0	4	4
53	2192	49	0	4	4
54	2201	51	0	3	3
54	274	47	2	5	7
55	2196	49	0	6	6
55	297	52	0	3	3
55	229	39	0	16	16
55	2199	49	0	6	6
56	2191	49	0	7	7
56	2193	49	0	7	7
56	2219	52	0	4	4
56	2216	52	0	4	4
56	2208	51	0	5	5
56	2213	52	0	4	4
56	2190	49	0	7	7
57	2209	51	0	6	6
57	2194	49	0	8	8
58	2206	51	0	7	7
58	2238	54	0	4	4
58	2228	53	0	5	5
58	2229	53	0	5	5
58	2224	53	0	5	5
58	2221	53	0	5	5
58	2225	53	0	5	5
58	2218	52	0	6	6
58	299	52	0	6	6
58	2203	51	0	7	7
59	2210	52	0	7	7
59	2211	52	0	7	7
59	2215	52	0	7	7
59	2230	54	0	5	5
59	2237	54	0	5	5
59	2200	51	0	8	8
59	2214	52	0	7	7
59	2198	49	0	10	10
59	2217	52	0	7	7
60	2232	54	0	6	6
60	2233	54	0	6	6
60	2236	54	1	5	6
60	2222	53	0	7	7
60	2223	53	0	7	7
60	2212	52	0	8	8
60	2202	51	0	9	9
60	2205	51	0	9	9
60	2226	53	0	7	7
61	2220	53	0	8	8
61	2239	54	1	6	7
61	2227	53	0	8	8
61	2240	57	0	4	4
61	2242	57	0	4	4
61	2243	57	0	4	4
61	2244	57	0	4	4
61	2249	57	0	4	4
61	2204	51	0	10	10
61	2207	51	0	10	10
61	2235	54	0	7	7
62	2234	54	0	8	8
62	2246	57	0	5	5
62	2248	57	0	5	5
62	2231	54	0	8	8
62	2247	57	0	5	5
63	303	56	0	7	7
64	2245	57	0	7	7
64	2256	61	0	3	3
64	2259	61	0	3	3
64	2254	61	0	3	3
64	2241	57	0	7	7
64	315	58	0	6	6
64	305	56	0	8	8
64	318	58	0	6	6
64	301	56	0	8	8
64	306	56	0	8	8
65	2253	61	0	4	4
65	2265	62	0	3	3
65	2268	62	0	3	3
65	2250	61	0	4	4
65	324	61	0	4	4
65	340	62	0	3	3
65	314	58	0	7	7
66	2272	63	0	3	3
66	2258	61	0	5	5
67	2276	63	0	4	4
68	2279	63	0	5	5
68	2285	65	0	3	3
68	2287	65	0	3	3
68	2264	62	0	6	6
68	2257	61	0	7	7
69	2252	61	0	8	8
69	2262	62	0	7	7
69	2282	65	0	4	4
69	2255	61	0	8	8
69	2273	63	0	6	6
69	2269	62	0	7	7
69	2251	61	0	8	8
70	2278	63	0	7	7
70	2260	62	0	8	8
70	345	64	0	6	6
70	350	64	0	6	6
70	2261	62	0	8	8
70	2263	62	0	8	8
71	2267	62	0	9	9
71	2271	63	1	7	8
71	2291	67	0	4	4
71	2298	67	0	4	4
71	2293	67	0	4	4
71	2292	67	0	4	4
71	2289	65	0	6	6
72	2280	65	0	7	7
72	353	66	0	6	6
73	2284	65	0	8	8
73	2288	65	0	8	8
73	2274	63	1	9	10
73	2275	63	1	9	10
73	2277	63	1	9	10
73	2266	62	0	11	11
73	2281	65	0	8	8
73	362	68	0	5	5
73	354	66	0	7	7
73	365	68	0	5	5
73	2286	65	0	8	8
73	2270	63	1	9	10
74	2306	70	0	4	4
74	2307	70	0	4	4
74	2302	70	0	4	4
74	2312	71	0	3	3
74	2294	67	0	7	7
75	2290	67	1	7	8
75	2283	65	0	10	10
75	2319	71	0	4	4
75	2315	71	0	4	4
75	374	71	0	4	4
76	2296	67	1	8	9
76	2323	73	0	3	3
77	2320	73	0	4	4
77	2336	74	0	3	3
77	2330	74	0	3	3
77	2326	73	0	4	4
77	377	71	0	6	6
77	371	71	0	6	6
77	396	74	0	3	3
77	2295	67	1	9	10
78	2335	74	0	4	4
78	393	74	0	4	4
79	2299	67	1	11	12
79	399	74	0	5	5
79	394	74	0	5	5
79	2305	70	0	9	9
80	2317	71	1	8	9
80	2308	70	0	10	10
80	2297	67	1	12	13
80	2316	71	0	9	9
80	2356	77	0	3	3
80	2355	77	0	3	3
80	2303	70	0	10	10
81	2322	73	0	8	8
81	2327	73	0	8	8
81	2309	70	0	11	11
81	2344	76	0	5	5
81	2342	76	0	5	5
81	2343	76	0	5	5
81	2340	76	0	5	5
81	2318	71	0	10	10
81	91	14	1	66	67
81	144	22	3	56	59
81	80	9	1	71	72
81	165	26	2	53	55
81	62	8	0	73	73
81	151	24	2	55	57
81	152	24	2	55	57
81	162	26	2	53	55
81	35	5	0	76	76
81	73	9	1	71	72
81	3	2	0	79	79
81	53	7	0	74	74
81	2	2	0	79	79
81	29	4	0	77	77
81	57	7	0	74	74
81	50	6	0	75	75
81	125	18	2	61	63
81	84	10	4	67	71
81	31	5	0	76	76
81	166	26	2	53	55
81	107	16	1	64	65
81	108	16	1	64	65
81	61	8	0	73	73
81	55	7	0	74	74
81	99	14	1	66	67
81	126	18	2	61	63
81	11	3	0	78	78
81	138	21	2	58	60
81	72	9	1	71	72
81	407	76	0	5	5
81	409	76	0	5	5
81	2338	74	0	7	7
81	2310	71	0	10	10
81	2311	71	0	10	10
81	2314	71	0	10	10
81	2321	73	0	8	8
81	2324	73	0	8	8
81	2329	73	0	8	8
81	2304	70	0	11	11
82	2357	77	0	5	5
82	2301	70	0	12	12
82	17	3	0	79	79
82	13	3	0	79	79
82	22	4	0	78	78
82	112	17	0	65	65
82	196	31	0	51	51
82	92	14	0	68	68
82	33	5	0	77	77
82	185	30	0	52	52
82	200	31	0	51	51
82	279	47	2	33	35
82	197	31	0	51	51
82	233	40	0	42	42
82	182	30	0	52	52
82	246	42	0	40	40
82	266	45	6	31	37
82	257	43	0	39	39
82	2331	74	0	8	8
83	2333	74	0	9	9
83	2334	74	0	9	9
83	2368	80	0	3	3
83	2363	80	0	3	3
83	2339	74	0	9	9
83	2300	70	0	13	13
83	293	52	2	29	31
83	298	52	2	29	31
83	288	49	0	34	34
83	23	4	0	79	79
83	136	21	0	62	62
83	164	26	0	57	57
83	231	40	0	43	43
83	287	49	0	34	34
83	161	26	0	57	57
83	238	40	0	43	43
83	239	40	0	43	43
83	140	21	0	62	62
83	142	22	0	61	61
83	36	5	0	78	78
83	131	21	0	62	62
83	411	79	0	4	4
83	2346	76	0	7	7
84	2345	76	0	8	8
84	2349	76	0	8	8
84	2360	80	0	4	4
84	2332	74	0	10	10
84	2313	71	0	13	13
84	2358	77	0	7	7
84	2353	77	0	7	7
84	2354	77	0	7	7
84	2347	76	0	8	8
84	2348	76	0	8	8
84	163	26	0	58	58
84	283	49	0	35	35
84	284	49	0	35	35
84	276	47	2	35	37
84	134	21	0	63	63
84	252	43	1	40	41
84	259	43	0	41	41
84	275	47	2	35	37
84	175	29	0	55	55
84	243	42	0	42	42
84	291	52	2	30	32
84	265	45	6	33	39
84	304	56	0	28	28
84	336	62	0	22	22
84	338	62	0	22	22
84	334	62	0	22	22
84	228	39	0	45	45
84	230	39	0	45	45
84	250	42	0	42	42
84	254	43	1	40	41
84	309	56	0	28	28
84	320	58	1	25	26
84	321	61	0	23	23
84	333	62	0	22	22
84	335	62	0	22	22
84	329	61	0	23	23
84	313	58	1	25	26
84	416	79	0	5	5
85	2341	76	0	9	9
85	2359	77	0	8	8
85	32	5	0	80	80
85	122	18	2	65	67
85	114	17	0	68	68
85	139	21	0	64	64
85	128	18	2	65	67
85	188	30	0	55	55
85	316	58	1	26	27
85	344	64	0	21	21
85	346	64	0	21	21
85	224	39	3	43	46
85	226	39	1	45	46
85	187	30	0	55	55
85	311	58	1	26	27
85	341	64	0	21	21
85	347	64	0	21	21
85	106	16	0	69	69
85	12	3	0	82	82
85	102	16	0	69	69
85	357	66	0	19	19
85	360	66	0	19	19
85	223	39	16	30	46
85	358	66	0	19	19
85	201	35	0	50	50
85	369	68	0	17	17
85	364	68	0	17	17
85	213	37	1	47	48
85	219	37	1	47	48
85	366	68	0	17	17
85	2350	77	0	8	8
86	2328	73	0	13	13
86	2337	74	0	12	12
86	2351	77	0	9	9
87	2377	85	0	2	2
87	2352	77	0	10	10
87	2361	80	0	7	7
87	2364	80	0	7	7
88	2367	80	0	8	8
88	2365	80	0	8	8
88	2372	85	0	3	3
88	2379	85	0	3	3
88	2366	80	0	8	8
88	2325	73	0	15	15
88	2362	80	0	8	8
89	2369	80	0	9	9
90	2388	87	0	3	3
90	2382	87	0	3	3
90	28	4	0	86	86
91	2371	85	0	6	6
91	2393	88	0	3	3
91	2391	88	0	3	3
91	2397	88	0	3	3
91	2390	88	0	3	3
91	2378	85	0	6	6
91	2370	85	0	6	6
91	211	37	31	23	54
91	375	71	0	20	20
91	378	71	0	20	20
91	361	68	0	23	23
91	387	72	0	19	19
91	388	72	0	19	19
91	390	72	0	19	19
91	383	72	0	19	19
91	373	71	0	20	20
91	389	72	0	19	19
91	384	72	0	19	19
91	395	74	0	17	17
91	400	74	0	17	17
91	392	74	0	17	17
91	402	76	0	15	15
91	403	76	0	15	15
91	408	76	0	15	15
92	2403	90	0	2	2
93	2404	90	0	3	3
93	2406	90	0	3	3
93	2401	90	0	3	3
94	2385	87	0	7	7
95	2373	85	0	10	10
95	2412	91	0	4	4
95	489	89	0	6	6
95	486	89	0	6	6
95	515	92	0	3	3
95	425	81	0	14	14
95	457	85	0	10	10
95	497	90	0	5	5
95	504	91	0	4	4
95	475	88	0	7	7
95	2384	87	0	8	8
95	2374	85	0	10	10
95	2381	87	0	8	8
96	2394	88	0	8	8
96	2398	88	0	8	8
96	2386	87	0	9	9
96	2426	93	0	3	3
96	2429	93	0	3	3
96	237	40	4	52	56
96	440	82	0	14	14
96	501	91	0	5	5
96	512	92	0	4	4
96	479	88	0	8	8
96	499	90	0	6	6
96	459	85	0	11	11
96	490	89	0	7	7
96	449	83	0	13	13
96	432	82	0	14	14
96	466	86	0	10	10
97	2392	88	0	9	9
97	2395	88	0	9	9
97	2375	85	0	12	12
97	2376	85	0	12	12
97	2434	94	0	3	3
97	2424	93	0	4	4
97	2428	93	0	4	4
97	2410	91	0	6	6
97	2389	87	0	10	10
97	428	81	0	16	16
97	436	82	0	15	15
97	485	89	0	8	8
97	2380	87	0	10	10
98	2418	91	0	7	7
98	2407	90	0	8	8
98	2409	90	0	8	8
98	2383	87	0	11	11
98	2387	87	0	11	11
98	2405	90	0	8	8
98	2413	91	0	7	7
98	2414	91	0	7	7
98	2399	88	0	10	10
98	493	90	0	8	8
98	2415	91	0	7	7
98	2416	91	0	7	7
99	2411	91	0	8	8
99	2442	96	0	3	3
99	2402	90	0	9	9
99	2400	90	0	9	9
99	527	94	0	5	5
100	2420	93	0	7	7
100	2430	94	0	6	6
100	2431	94	0	6	6
100	2396	88	0	12	12
100	522	94	0	6	6
100	251	43	3	54	57
101	2417	91	0	10	10
101	2419	91	0	10	10
101	2423	93	0	8	8
101	2437	94	0	7	7
101	2433	94	0	7	7
101	2444	96	0	5	5
101	2408	90	0	11	11
101	2436	94	0	7	7
102	2425	93	0	9	9
102	2432	94	0	8	8
102	2438	94	0	8	8
102	2452	99	0	3	3
102	2448	96	0	6	6
102	77	9	1	92	93
102	130	18	2	82	84
102	2440	96	0	6	6
103	2435	94	0	9	9
103	2445	96	0	7	7
103	2457	99	0	4	4
103	2471	101	0	2	2
103	2446	96	0	7	7
103	2443	96	0	7	7
103	2422	93	0	10	10
103	2449	96	0	7	7
103	2421	93	0	10	10
103	2427	93	0	10	10
103	536	97	0	6	6
104	2439	94	0	10	10
104	2463	100	0	4	4
104	2460	100	0	4	4
104	2461	100	0	4	4
104	2478	101	0	3	3
104	2459	99	0	5	5
104	532	97	0	7	7
104	550	100	0	4	4
104	537	97	0	7	7
104	538	97	0	7	7
104	2441	96	0	8	8
105	2447	96	0	9	9
105	2479	101	0	4	4
105	2450	99	0	6	6
105	2455	99	0	6	6
105	559	101	0	4	4
105	545	100	0	5	5
105	542	100	0	5	5
105	2453	99	0	6	6
106	547	100	0	6	6
106	557	101	0	5	5
106	578	103	0	3	3
107	2454	99	0	8	8
107	2456	99	0	8	8
107	2458	99	0	8	8
107	2466	100	0	7	7
107	2468	100	0	7	7
107	2488	103	0	4	4
107	2462	100	0	7	7
107	248	42	4	61	65
107	566	102	0	5	5
107	574	103	0	4	4
107	565	102	0	5	5
107	577	103	0	4	4
107	567	102	0	5	5
107	2451	99	0	8	8
108	2474	101	0	7	7
108	2482	103	0	5	5
108	2484	103	0	5	5
109	2480	103	0	6	6
109	2498	104	0	5	5
109	2483	103	0	6	6
109	2486	103	0	6	6
109	199	31	4	74	78
109	156	24	2	83	85
109	141	22	2	85	87
109	133	21	2	86	88
109	153	24	2	83	85
109	220	37	7	65	72
109	210	35	2	72	74
109	169	26	2	81	83
109	24	4	0	105	105
109	137	21	2	86	88
109	149	22	3	84	87
109	590	107	0	2	2
109	2485	103	0	6	6
110	2475	101	0	9	9
110	2506	105	0	5	5
110	2507	105	0	5	5
110	2496	104	0	6	6
110	2504	105	0	5	5
111	2476	101	0	10	10
111	2490	104	0	7	7
111	2513	106	0	5	5
111	2516	106	0	5	5
111	2524	108	0	3	3
111	2467	100	0	11	11
111	2465	100	0	11	11
111	2464	100	0	11	11
111	2473	101	0	10	10
112	2487	103	0	9	9
112	2510	106	0	6	6
112	2531	109	0	3	3
112	2470	101	0	11	11
112	2495	104	0	8	8
112	2497	104	0	8	8
112	2477	101	0	11	11
112	2472	101	0	11	11
113	2491	104	0	9	9
113	2540	111	0	2	2
113	2492	104	0	9	9
113	2469	100	0	13	13
114	2493	104	0	10	10
114	2542	111	0	3	3
114	2545	111	0	3	3
114	2543	111	0	3	3
114	2525	108	1	5	6
114	2500	105	0	9	9
114	2494	104	0	10	10
114	2533	109	0	5	5
114	2502	105	0	9	9
115	2519	106	0	9	9
115	2551	112	0	3	3
115	2521	108	1	6	7
115	2538	109	0	6	6
115	2517	106	0	9	9
115	2520	108	1	6	7
115	2503	105	0	10	10
115	2511	106	0	9	9
116	2561	113	0	3	3
116	2564	113	0	3	3
116	2559	112	0	4	4
116	2566	113	0	3	3
116	2553	112	0	4	4
116	2569	113	0	3	3
116	2562	113	0	3	3
116	2549	111	0	5	5
116	2548	111	0	5	5
117	2501	105	0	12	12
117	2515	106	0	11	11
117	2563	113	0	4	4
117	2579	114	0	3	3
117	2547	111	0	6	6
117	2544	111	0	6	6
118	2576	114	0	4	4
118	2589	115	0	3	3
118	2572	114	0	4	4
119	2514	106	0	13	13
119	2518	106	0	13	13
119	2586	115	0	4	4
119	2588	115	0	4	4
119	2594	116	0	3	3
119	2590	116	0	3	3
119	2581	115	0	4	4
119	2584	115	0	4	4
119	2587	115	0	4	4
119	2573	114	0	5	5
119	2499	104	0	15	15
119	2512	106	0	13	13
119	610	111	0	8	8
119	2527	108	0	11	11
119	2508	105	0	14	14
120	2535	109	1	10	11
120	2593	116	0	4	4
120	2585	115	0	5	5
120	2599	116	0	4	4
120	2591	116	0	4	4
120	608	111	0	9	9
120	607	111	0	9	9
120	593	109	0	11	11
120	2537	109	1	10	11
121	2575	114	0	7	7
121	2567	113	0	8	8
121	2570	114	0	7	7
121	2489	103	0	18	18
121	41	6	0	115	115
121	132	21	2	98	100
121	176	29	3	89	92
121	218	37	2	82	84
121	118	17	1	103	104
121	189	30	3	88	91
121	192	31	4	86	90
121	240	40	4	77	81
121	465	86	0	35	35
121	461	86	0	35	35
121	474	88	0	33	33
121	412	79	0	42	42
121	414	79	0	42	42
121	464	86	0	35	35
121	463	86	0	35	35
121	471	88	0	33	33
121	617	115	0	6	6
121	612	115	0	6	6
121	621	117	0	4	4
121	618	115	0	6	6
122	2568	113	0	9	9
122	628	117	0	5	5
123	2601	120	0	3	3
123	2582	115	0	8	8
123	2577	114	0	9	9
123	625	117	0	6	6
123	2522	108	0	15	15
123	2526	108	0	15	15
124	2608	120	0	4	4
124	640	119	0	5	5
125	2616	121	0	4	4
125	2606	120	0	5	5
125	2610	121	0	4	4
125	2611	121	0	4	4
125	2481	103	0	22	22
125	2558	112	0	13	13
125	2595	116	0	9	9
126	2532	109	1	16	17
126	2635	123	0	3	3
126	2626	122	0	4	4
126	2509	105	0	21	21
126	650	121	0	5	5
126	2523	108	0	18	18
126	2529	108	0	18	18
127	2636	123	0	4	4
127	2624	122	0	5	5
127	2633	123	0	4	4
127	2628	122	0	5	5
127	2630	123	0	4	4
127	2620	122	0	5	5
127	2646	125	0	2	2
127	644	121	0	6	6
127	2539	109	1	17	18
127	2528	108	0	19	19
128	2550	112	0	16	16
128	2552	112	0	16	16
128	2554	112	0	16	16
128	2565	113	1	14	15
128	2649	125	0	3	3
128	2602	120	0	8	8
128	659	125	0	3	3
128	2534	109	1	18	19
128	2536	109	1	18	19
128	2541	111	0	17	17
128	2546	111	0	17	17
129	2530	109	1	19	20
129	2556	112	1	16	17
129	2614	121	0	8	8
129	651	125	0	4	4
129	205	35	2	92	94
129	121	18	2	109	111
129	116	17	1	111	112
130	2571	114	0	16	16
130	2604	120	0	10	10
131	2560	113	1	17	18
131	2583	115	1	15	16
131	2555	112	1	18	19
131	2557	112	1	18	19
131	2653	128	0	3	3
131	2654	128	0	3	3
133	2651	128	0	5	5
133	2652	128	0	5	5
133	2663	129	0	4	4
133	2647	125	0	8	8
134	2662	129	0	5	5
134	2665	129	0	5	5
134	2666	129	0	5	5
134	665	126	0	8	8
134	658	125	0	9	9
134	672	129	0	5	5
134	655	125	0	9	9
135	2574	114	0	21	21
135	2578	114	0	21	21
135	2685	133	0	2	2
136	2683	133	0	3	3
136	2684	133	0	3	3
136	2689	133	0	3	3
136	2673	132	0	4	4
136	2680	133	0	3	3
136	2674	132	0	4	4
136	2640	125	0	11	11
136	2656	128	0	8	8
136	312	58	5	73	78
136	255	43	4	89	93
136	381	72	6	58	64
136	277	47	7	82	89
136	260	43	4	89	93
137	2619	121	0	16	16
137	2638	123	0	14	14
137	2613	121	0	16	16
137	2631	123	0	14	14
137	2642	125	0	12	12
137	2660	129	0	8	8
137	2661	129	0	8	8
138	2681	133	0	5	5
138	2686	133	0	5	5
138	2687	133	0	5	5
139	2597	116	0	23	23
139	2676	132	0	7	7
139	2682	133	0	6	6
139	2670	132	0	7	7
139	2634	123	0	16	16
139	2639	123	0	16	16
140	2580	115	1	24	25
140	2650	128	0	12	12
140	273	47	7	86	93
140	179	29	3	108	111
140	221	39	4	97	101
140	143	22	5	113	118
140	483	89	0	51	51
140	418	79	0	61	61
140	417	79	0	61	61
140	462	86	0	54	54
140	496	90	0	50	50
140	487	89	0	51	51
140	503	91	0	49	49
140	516	92	0	48	48
140	517	92	0	48	48
140	456	85	0	55	55
140	484	89	0	51	51
140	498	90	0	50	50
140	508	91	0	49	49
141	2658	128	0	13	13
141	2695	136	0	5	5
141	2698	136	0	5	5
141	524	94	0	47	47
141	526	94	0	47	47
141	525	94	0	47	47
141	454	85	0	56	56
141	529	94	0	47	47
141	452	85	0	56	56
141	426	81	0	60	60
141	427	81	0	60	60
142	2703	139	0	3	3
142	448	83	6	53	59
143	2679	132	0	11	11
143	2657	128	0	15	15
143	420	79	5	59	64
144	2708	139	0	5	5
144	2709	139	0	5	5
144	2505	105	0	39	39
145	2592	116	1	28	29
145	2598	116	1	28	29
145	2625	122	1	22	23
145	2629	122	1	22	23
145	2632	123	1	21	22
145	2637	123	1	21	22
145	2617	121	2	22	24
145	2714	140	0	5	5
145	2704	139	0	6	6
145	2678	132	0	13	13
145	678	129	0	16	16
146	2718	140	0	6	6
146	2717	140	0	6	6
146	2725	141	0	5	5
146	2702	139	0	7	7
146	2715	140	0	6	6
146	2596	116	0	30	30
146	687	130	0	16	16
146	688	130	0	16	16
146	732	139	0	7	7
146	691	133	0	13	13
146	702	135	0	11	11
146	721	137	0	9	9
146	703	135	0	11	11
146	730	137	0	9	9
146	697	133	0	13	13
146	724	137	0	9	9
146	683	130	0	16	16
146	677	129	0	17	17
146	699	133	0	13	13
147	253	43	11	93	104
148	2605	120	1	27	28
148	2607	120	1	27	28
148	2722	141	0	7	7
148	2724	141	0	7	7
148	2729	141	0	7	7
148	510	91	8	49	57
148	743	140	0	8	8
148	745	140	0	8	8
148	711	136	0	12	12
148	747	140	0	8	8
148	722	137	0	11	11
148	693	133	0	15	15
148	714	136	0	12	12
148	729	137	0	11	11
148	719	136	0	12	12
148	726	137	0	11	11
148	715	136	0	12	12
149	2648	125	1	23	24
149	2622	122	1	26	27
149	2627	122	1	26	27
149	2615	121	1	27	28
149	2618	121	2	26	28
149	2730	145	0	4	4
149	2749	146	0	3	3
149	2739	145	0	4	4
149	2742	146	0	3	3
149	2736	145	0	4	4
149	2741	146	0	3	3
149	2747	146	0	3	3
149	2603	120	0	29	29
150	2719	140	0	10	10
150	761	148	0	2	2
151	2769	148	0	3	3
151	2766	148	0	3	3
151	2764	148	0	3	3
151	2768	148	0	3	3
151	2623	122	0	29	29
152	2779	149	0	3	3
152	2774	149	0	3	3
153	2600	120	1	32	33
153	2731	145	0	8	8
153	2706	139	0	14	14
153	2621	122	0	31	31
153	419	79	5	69	74
154	2644	125	1	28	29
154	2612	121	1	32	33
154	2789	150	0	4	4
154	2759	147	0	7	7
154	2745	146	0	8	8
154	2753	147	0	7	7
154	2772	149	0	5	5
155	561	102	7	46	53
155	2751	147	0	8	8
155	2752	147	0	8	8
155	797	151	0	4	4
155	799	151	0	4	4
156	2784	150	0	6	6
156	2778	149	0	7	7
156	2782	150	0	6	6
157	2794	154	0	3	3
157	2787	150	0	7	7
157	2761	148	0	9	9
157	2763	148	0	9	9
157	779	149	0	8	8
157	781	150	0	7	7
157	763	148	0	9	9
157	778	149	0	8	8
157	768	148	0	9	9
157	753	146	0	11	11
157	786	150	0	7	7
158	2609	120	1	37	38
158	2795	154	0	4	4
158	2796	154	0	4	4
158	351	66	4	88	92
158	352	66	4	88	92
158	439	82	6	70	76
158	430	81	5	72	77
158	451	85	6	67	73
158	767	148	0	10	10
159	2645	125	1	33	34
159	774	149	0	10	10
159	806	152	0	7	7
159	780	149	0	10	10
159	766	148	0	11	11
159	759	146	0	13	13
159	777	149	0	10	10
159	803	152	0	7	7
160	2803	158	0	2	2
160	2792	154	0	6	6
160	804	152	0	8	8
161	571	103	6	52	58
161	2805	158	0	3	3
161	2802	158	0	3	3
162	2812	159	0	3	3
162	2799	154	0	8	8
162	2790	154	0	8	8
162	159	24	2	136	138
162	807	152	0	10	10
163	2818	159	0	4	4
163	2814	159	0	4	4
163	2815	159	0	4	4
163	822	158	0	5	5
163	815	156	0	7	7
163	826	158	0	5	5
163	825	158	0	5	5
163	812	156	0	7	7
163	813	156	0	7	7
163	519	92	9	62	71
164	191	31	4	129	133
164	2827	160	0	4	4
164	2824	160	0	4	4
164	2807	158	0	6	6
164	2801	158	0	6	6
164	2800	158	0	6	6
164	837	160	0	4	4
164	836	160	0	4	4
164	828	158	0	6	6
164	833	160	0	4	4
165	846	161	0	4	4
165	845	161	0	4	4
165	838	160	0	5	5
165	835	160	0	5	5
165	842	161	0	4	4
166	2664	129	0	37	37
166	2669	129	0	37	37
166	2659	128	1	37	38
166	2837	162	0	4	4
166	2830	162	0	4	4
166	2836	162	0	4	4
166	2828	160	0	6	6
166	2826	160	0	6	6
166	2823	160	0	6	6
166	455	85	6	75	81
166	209	35	2	129	131
166	505	91	8	67	75
166	470	86	6	74	80
166	558	101	7	58	65
166	848	161	0	5	5
167	2845	163	0	4	4
167	2849	163	0	4	4
167	2854	164	0	3	3
167	2841	163	0	4	4
167	2857	164	0	3	3
167	2834	162	0	5	5
167	600	109	7	51	58
168	2838	162	0	6	6
168	2842	163	0	5	5
168	2866	165	0	3	3
168	2867	165	0	3	3
168	404	76	4	88	92
168	540	97	7	64	71
168	356	66	4	98	102
168	270	45	5	118	123
168	480	88	15	65	80
168	851	164	0	4	4
169	2641	125	1	43	44
169	2643	125	1	43	44
169	2856	164	0	5	5
169	2862	165	0	4	4
169	2850	164	0	5	5
169	2846	163	0	6	6
169	2844	163	0	6	6
169	325	61	5	103	108
169	328	61	5	103	108
169	853	164	0	5	5
170	2877	167	0	3	3
170	2863	165	0	5	5
170	2860	165	0	5	5
170	856	164	0	6	6
171	2888	168	0	3	3
171	748	140	6	25	31
171	705	135	11	25	36
171	870	166	0	5	5
171	861	166	0	5	5
171	871	167	0	4	4
172	2880	168	0	4	4
172	2885	168	0	4	4
173	2905	170	0	3	3
173	2907	170	0	3	3
173	570	102	7	64	71
173	401	76	4	93	97
173	460	85	6	82	88
173	468	86	6	81	87
173	271	47	7	119	126
173	81	10	0	163	163
173	509	91	8	74	82
173	584	107	7	59	66
173	469	86	6	81	87
173	472	88	7	78	85
173	376	71	6	96	102
173	450	83	6	84	90
173	308	56	5	112	117
173	367	68	5	100	105
173	481	89	8	76	84
173	379	71	6	96	102
173	359	66	4	103	107
173	482	89	8	76	84
173	264	45	5	123	128
173	261	45	5	123	128
173	184	30	3	140	143
173	171	29	3	141	144
173	506	91	8	74	82
173	568	102	7	64	71
173	296	52	4	117	121
173	295	52	4	117	121
173	391	74	5	94	99
173	549	100	7	66	73
173	580	103	6	64	70
173	441	83	6	84	90
173	444	83	6	84	90
173	386	72	6	95	101
173	879	167	0	6	6
173	880	167	0	6	6
173	887	168	0	5	5
174	2913	171	0	3	3
174	2898	169	0	5	5
174	2914	171	0	3	3
174	2881	168	0	6	6
174	424	81	5	88	93
174	398	74	5	95	100
174	326	61	5	108	113
174	173	29	3	142	145
174	363	68	5	101	106
174	415	79	5	90	95
174	154	24	2	148	150
174	98	14	1	159	160
174	885	168	0	6	6
174	877	167	0	7	7
175	2918	171	0	4	4
175	2924	172	0	3	3
175	2926	172	0	3	3
176	2927	172	0	4	4
176	2932	173	0	3	3
176	2920	172	0	4	4
176	2887	168	0	8	8
176	2883	168	0	8	8
176	382	72	6	98	104
176	397	74	5	97	102
176	372	71	6	99	105
176	385	72	6	98	104
176	478	88	7	81	88
176	442	83	0	93	93
176	429	81	0	95	95
176	433	82	0	94	94
176	523	94	0	82	82
176	445	83	0	93	93
176	530	94	0	82	82
176	421	81	0	95	95
176	422	81	0	95	95
176	535	97	0	79	79
176	531	97	0	79	79
176	552	101	0	75	75
176	553	101	0	75	75
176	556	101	0	75	75
176	560	101	0	75	75
176	564	102	0	74	74
176	575	103	0	73	73
176	685	130	4	42	46
176	907	171	0	5	5
176	903	171	0	5	5
177	2938	173	0	4	4
177	2934	173	0	4	4
177	2903	170	0	7	7
177	579	103	0	74	74
177	581	107	0	70	70
177	588	107	0	70	70
177	591	109	0	68	68
177	592	109	0	68	68
177	595	109	0	68	68
177	604	111	0	66	66
177	601	111	0	66	66
177	603	111	0	66	66
177	605	111	0	66	66
177	619	115	0	62	62
177	620	115	0	62	62
177	627	117	0	60	60
177	630	117	0	60	60
177	629	117	0	60	60
177	613	115	0	62	62
177	622	117	0	60	60
177	626	117	0	60	60
177	616	115	0	62	62
177	633	119	0	58	58
177	918	173	0	4	4
177	923	174	0	3	3
178	2945	174	0	4	4
178	2937	173	0	5	5
178	2942	174	0	4	4
178	2908	170	0	8	8
178	925	174	0	4	4
178	924	174	0	4	4
179	2667	129	0	50	50
179	2668	129	0	50	50
179	2956	176	0	3	3
179	2901	170	0	9	9
179	2891	169	0	10	10
179	2921	172	0	7	7
180	2697	136	5	39	44
180	2959	176	0	4	4
180	2963	177	0	3	3
180	2960	177	0	3	3
180	2957	176	0	4	4
180	2886	168	0	12	12
181	2961	177	0	4	4
181	2967	177	0	4	4
181	2939	173	0	8	8
181	2940	174	0	7	7
182	2947	174	0	8	8
182	2936	173	0	9	9
182	2868	165	0	17	17
183	2831	162	0	21	21
183	2944	174	0	9	9
183	2821	160	0	23	23
183	2948	174	0	9	9
184	2978	181	0	3	3
184	2974	181	0	3	3
184	2962	177	0	7	7
184	2965	177	0	7	7
184	2916	171	0	13	13
184	2864	165	0	19	19
184	2871	167	0	17	17
184	2878	167	0	17	17
184	2839	162	0	22	22
185	2677	132	3	50	53
185	2655	128	1	56	57
185	2973	181	0	4	4
185	2816	159	0	26	26
185	2835	162	0	23	23
185	2952	176	0	9	9
185	2968	177	0	8	8
185	952	180	0	5	5
185	954	180	0	5	5
186	2694	136	5	45	50
186	2964	177	0	9	9
186	2966	177	0	9	9
186	2874	167	0	19	19
186	2950	176	0	10	10
186	2879	167	0	19	19
186	2955	176	0	10	10
186	2851	164	0	22	22
186	809	152	6	28	34
187	2985	184	0	3	3
187	2989	184	0	3	3
187	2986	184	0	3	3
187	2971	181	0	6	6
187	946	179	0	8	8
188	2982	184	0	4	4
188	2983	184	0	4	4
188	2975	181	0	7	7
188	2858	164	0	24	24
189	2810	159	0	30	30
189	961	183	0	6	6
189	955	180	0	9	9
190	2991	186	0	4	4
190	2996	186	0	4	4
190	982	185	0	5	5
191	2672	132	3	56	59
191	2675	132	3	56	59
191	2998	186	0	5	5
192	2721	141	2	49	51
192	2727	141	2	49	51
192	2728	141	2	49	51
192	2693	136	5	51	56
192	2980	184	0	8	8
192	511	92	8	92	100
192	551	101	7	84	91
193	2997	186	0	7	7
193	972	184	0	9	9
194	2999	186	0	8	8
195	2700	139	2	54	56
195	2705	139	2	54	56
195	2710	140	1	54	55
196	758	146	4	46	50
196	2994	186	0	10	10
196	2993	186	0	10	10
200	2720	141	2	57	59
200	2723	141	2	57	59
200	2726	141	2	57	59
200	2740	146	4	50	54
200	2743	146	4	50	54
200	2990	186	0	14	14
203	2701	139	2	62	64
204	2707	139	2	63	65
210	2671	132	3	75	78
213	2699	136	5	72	77
213	2711	140	1	72	73
215	2716	140	1	74	75
216	2735	145	3	68	71
217	2688	133	7	77	84
219	2748	146	4	69	73
222	2690	136	5	81	86
222	2691	136	5	81	86
223	2696	136	5	82	87
224	576	103	6	115	121
224	810	152	6	66	72
224	247	42	4	178	182
224	769	148	3	73	76
224	943	179	6	39	45
224	940	176	7	41	48
224	938	176	7	41	48
224	528	94	8	122	130
224	443	83	6	135	141
224	500	90	8	126	134
224	808	152	6	66	72
224	698	133	4	87	91
224	477	88	7	129	136
224	146	22	3	199	202
224	300	52	4	168	172
224	611	115	6	103	109
224	582	107	7	110	117
224	52	7	0	217	217
224	694	133	4	87	91
224	599	109	7	108	115
224	709	135	5	84	89
224	821	158	3	63	66
224	741	140	6	78	84
224	585	107	14	103	117
224	773	149	4	71	75
224	555	101	7	116	123
224	491	90	8	126	134
224	642	121	4	99	103
224	645	121	4	99	103
224	782	150	5	69	74
224	323	61	5	158	163
224	956	180	14	30	44
224	964	183	5	36	41
224	755	146	4	74	78
224	878	167	3	54	57
224	970	183	5	36	41
224	992	187	7	30	37
224	868	166	2	56	58
224	912	173	5	46	51
224	664	126	7	91	98
224	740	139	6	79	85
224	746	140	6	78	84
224	772	149	4	71	75
224	225	39	4	181	185
224	852	164	2	58	60
224	968	183	5	36	41
224	945	179	6	39	45
224	867	166	2	56	58
224	839	160	3	61	64
224	928	174	6	44	50
224	111	17	1	206	207
224	203	35	2	187	189
224	83	10	0	214	214
224	178	29	3	192	195
224	413	79	5	140	145
224	791	151	5	68	73
224	794	151	5	68	73
224	331	62	5	157	162
224	370	68	5	151	156
224	795	151	5	68	73
224	784	150	5	69	74
224	900	170	5	49	54
224	950	179	6	39	45
224	905	171	5	48	53
224	891	170	5	49	54
224	667	126	7	91	98
224	756	146	4	74	78
224	541	100	6	118	124
224	872	167	3	54	57
224	596	109	7	108	115
224	405	76	4	144	148
224	888	168	3	53	56
224	760	146	4	74	78
224	987	185	5	34	39
224	995	187	7	30	37
224	969	183	5	36	41
224	735	139	5	80	85
224	544	100	6	118	124
224	548	100	15	109	124
224	514	92	9	123	132
224	692	133	4	87	91
224	751	146	4	74	78
224	587	107	8	109	117
224	434	82	6	136	142
224	534	97	7	120	127
224	258	43	4	177	181
224	639	119	5	100	105
224	840	160	3	61	64
224	573	103	6	115	121
224	937	176	7	41	48
224	973	184	5	35	40
224	637	119	5	100	105
224	368	68	5	151	156
224	307	56	5	163	168
224	738	139	6	79	85
224	850	161	3	60	63
224	811	156	5	63	68
224	594	109	7	108	115
224	586	107	8	109	117
224	124	18	2	204	206
224	174	29	3	192	195
224	342	64	4	156	160
224	546	100	6	118	124
224	816	156	5	63	68
224	823	158	3	63	66
224	831	160	3	61	64
224	860	164	2	58	60
224	889	168	3	53	56
224	762	148	3	73	76
224	355	66	4	154	158
224	1000	187	7	30	37
224	901	171	5	48	53
224	958	180	7	37	44
224	689	130	4	90	94
224	495	90	8	126	134
224	554	101	7	116	123
224	669	126	7	91	98
224	615	115	6	103	109
224	614	115	6	103	109
224	680	129	5	90	95
224	602	111	7	106	113
224	467	86	6	132	138
224	322	61	5	158	163
224	660	125	7	92	99
224	348	64	4	156	160
224	458	85	6	133	139
224	609	111	7	106	113
224	437	82	6	136	142
224	634	119	5	100	105
224	814	156	5	63	68
224	858	164	2	58	60
224	843	161	3	60	63
224	936	176	7	41	48
224	974	184	5	35	40
224	673	129	5	90	95
224	892	170	5	49	54
224	904	171	5	48	53
224	989	185	5	34	39
224	999	187	7	30	37
224	332	62	5	157	162
224	310	56	5	163	168
224	101	16	1	207	208
224	302	56	5	163	168
224	186	30	3	191	194
224	446	83	6	135	141
224	244	42	4	178	182
224	406	76	4	144	148
224	684	130	4	90	94
224	563	102	7	115	122
224	666	126	7	91	98
224	289	49	5	170	175
224	281	49	5	170	175
224	661	126	7	91	98
224	476	88	7	129	136
224	507	91	8	125	133
224	652	125	7	92	99
224	606	111	7	106	113
224	830	158	3	63	66
224	533	97	7	120	127
224	343	64	4	156	160
224	725	137	5	82	87
224	727	137	5	82	87
224	349	64	11	149	160
224	832	160	3	61	64
224	963	183	5	36	41
224	997	187	7	30	37
224	977	184	5	35	40
224	882	168	3	53	56
224	894	170	5	49	54
224	631	119	5	100	105
224	267	45	5	174	179
224	339	62	5	157	162
224	327	61	5	158	163
224	488	89	8	127	135
224	269	45	5	174	179
224	679	129	5	90	95
224	492	90	8	126	134
224	951	180	6	38	44
224	944	179	6	39	45
224	978	184	5	35	40
224	985	185	5	34	39
224	380	71	6	147	153
224	518	92	9	123	132
224	148	22	3	199	202
224	562	102	7	115	122
224	245	42	4	178	182
224	752	146	4	74	78
224	473	88	7	129	136
224	569	102	7	115	122
224	805	152	6	66	72
224	14	3	0	221	221
224	583	107	7	110	117
224	770	148	3	73	76
224	841	161	3	60	63
224	862	166	2	56	58
224	818	156	5	63	68
224	899	170	5	49	54
224	863	166	2	56	58
224	898	170	5	49	54
224	857	164	2	58	60
224	980	184	5	35	40
224	215	37	2	185	187
224	190	30	7	187	194
224	181	30	3	191	194
224	543	100	6	118	124
224	319	58	5	161	166
224	410	76	4	144	148
224	572	103	6	115	121
224	232	40	4	180	184
224	521	94	8	122	130
224	337	62	5	157	162
224	754	146	4	74	78
224	820	156	5	63	68
224	635	119	5	100	105
224	690	130	4	90	94
224	494	90	8	126	134
224	653	125	7	92	99
224	435	82	6	136	142
224	589	107	8	109	117
224	513	92	16	116	132
224	598	109	7	108	115
224	783	150	5	69	74
224	911	173	5	46	51
224	865	166	2	56	58
224	976	184	5	35	40
224	941	179	6	39	45
224	967	183	5	36	41
224	671	129	5	90	95
224	330	61	5	158	163
224	520	92	9	123	132
224	539	97	7	120	127
224	736	139	10	75	85
224	827	158	3	63	66
224	796	151	5	68	73
224	847	161	3	60	63
224	884	168	3	53	56
224	919	173	5	46	51
224	623	117	0	107	107
224	636	119	0	105	105
224	638	119	0	105	105
224	624	117	0	107	107
224	632	119	0	105	105
224	648	121	0	103	103
224	641	121	0	103	103
224	643	121	0	103	103
224	647	121	0	103	103
224	646	121	0	103	103
224	657	125	0	99	99
224	656	125	0	99	99
224	662	126	0	98	98
224	668	126	0	98	98
224	663	126	0	98	98
224	670	126	0	98	98
224	654	125	0	99	99
224	676	129	0	95	95
224	681	130	0	94	94
224	674	129	0	95	95
224	675	129	0	95	95
224	686	130	0	94	94
224	682	130	0	94	94
224	728	137	0	87	87
224	723	137	0	87	87
224	710	135	0	89	89
224	716	136	0	88	88
224	718	136	0	88	88
224	731	139	0	85	85
224	734	139	0	85	85
224	739	139	0	85	85
224	717	136	0	88	88
224	733	139	0	85	85
224	695	133	0	91	91
224	700	133	0	91	91
224	749	140	0	84	84
224	701	135	0	89	89
224	704	135	0	89	89
224	707	135	0	89	89
224	708	135	0	89	89
224	712	136	0	88	88
224	737	139	0	85	85
224	742	140	0	84	84
224	696	133	0	91	91
224	706	135	0	89	89
224	757	146	0	78	78
224	798	151	0	73	73
224	789	150	0	74	74
224	793	151	0	73	73
224	802	152	0	72	72
224	765	148	0	76	76
224	790	150	0	74	74
224	800	151	0	73	73
224	792	151	0	73	73
224	787	150	0	74	74
224	771	149	0	75	75
224	788	150	0	74	74
224	801	152	0	72	72
224	785	150	0	74	74
224	819	156	0	68	68
224	817	156	0	68	68
224	824	158	0	66	66
224	829	158	0	66	66
224	834	160	0	64	64
224	849	161	0	63	63
224	844	161	0	63	63
224	859	164	0	60	60
224	855	164	0	60	60
224	854	164	0	60	60
224	866	166	0	58	58
224	869	166	0	58	58
224	876	167	0	57	57
224	874	167	0	57	57
224	883	168	0	56	56
224	890	168	0	56	56
224	896	170	0	54	54
224	909	171	0	53	53
224	873	167	0	57	57
224	897	170	0	54	54
224	908	171	0	53	53
224	910	171	0	53	53
224	917	173	0	51	51
224	920	173	0	51	51
224	902	171	0	53	53
224	927	174	0	50	50
224	914	173	0	51	51
224	916	173	0	51	51
224	930	174	0	50	50
224	895	170	0	54	54
224	922	174	0	50	50
224	926	174	0	50	50
224	906	171	0	53	53
224	893	170	0	54	54
224	929	174	0	50	50
224	933	176	0	48	48
224	939	176	0	48	48
224	932	176	0	48	48
224	934	176	0	48	48
224	942	179	0	45	45
224	948	179	0	45	45
224	947	179	0	45	45
224	949	179	0	45	45
224	953	180	0	44	44
224	960	180	0	44	44
224	957	180	0	44	44
224	971	184	0	40	40
224	962	183	0	41	41
224	966	183	0	41	41
224	990	185	0	39	39
224	965	183	0	41	41
224	975	184	0	40	40
224	981	185	0	39	39
224	983	185	0	39	39
224	986	185	0	39	39
224	984	185	0	39	39
224	998	187	0	37	37
224	996	187	0	37	37
224	994	187	0	37	37
224	993	187	0	37	37

Battle result: 	Drawn

For Earth Army:
	 - ES_Total : 390 , ET_Total : 325 , EG_Total : 239
	 - DestructedES % : 100% , DestructedET %: 100% , DestructedEG % : 99.5816%
	 - DestructedEU % : 99.8952%
	 - Av_Df : 2.03987 , Av_Dd : 57.4197 , Av_Db : 59.4596
	 - Df/Db % : 3.43069% , Dd/Db % : 96.5693%
	 - Total Healed Units : 267
	 - Healed Soldiers : 200	 , Fixed Tanks : 67
	 - Healing % : 27.9874%
	 - Infection % : 37.1795%

For Alien Army:
	 - AS_Total : 407 , AM_Total : 306 , AD_Total : 287
	 - DestructedAS % : 71.2531% , DestructedAM %: 100% , DestructedAD % : 100%
	 - DestructedAU % : 88.3%
	 - Av_Df : 0.191393 , Av_Dd : 9.6829 , Av_Db : 9.87429
	 - Df/Db % : 1.9383% , Dd/Db % : 98.0617%
