Td	ID	Tj	Df	Dd	Db	
5	2003	2	2	1	3
5	2004	2	2	1	3
6	2000	2	2	2	4
6	2001	2	2	2	4
6	2006	3	1	2	3
6	2012	5	0	1	1
6	2011	5	0	1	1
7	2002	2	2	3	5
7	2007	3	1	3	4
7	2008	3	1	3	4
7	2009	3	1	3	4
7	2005	3	1	3	4
7	2013	5	0	2	2
8	2010	5	1	2	3
8	2014	5	1	2	3
9	2015	7	0	2	2
10	2018	7	1	2	3
10	2016	7	0	3	3
10	2017	7	0	3	3
11	2019	7	1	3	4
12	2020	10	0	2	2
12	2022	10	0	2	2
12	2024	10	0	2	2
13	2021	10	0	3	3
13	2023	10	0	3	3
15	2027	14	0	1	1
16	2025	14	0	2	2
16	2026	14	0	2	2
16	2028	14	0	2	2
16	2029	14	0	2	2
20	2032	19	0	1	1
20	2033	19	0	1	1
21	2030	19	0	2	2
21	2034	19	0	2	2
21	2031	19	0	2	2
22	2036	20	0	2	2
22	2037	20	0	2	2
22	2038	20	0	2	2
22	2039	20	0	2	2
22	2035	20	0	2	2
24	2041	22	0	2	2
24	2042	22	0	2	2
24	2048	23	0	1	1
24	2046	23	0	1	1
24	2043	22	0	2	2
25	2040	22	0	3	3
25	2044	22	0	3	3
25	2045	23	0	2	2
25	2049	23	0	2	2
25	2047	23	0	2	2
29	2050	28	0	1	1
30	2052	28	0	2	2
30	2053	28	0	2	2
30	2058	29	0	1	1
31	2051	28	0	3	3
31	2054	28	0	3	3
31	2055	29	0	2	2
31	2056	29	0	2	2
31	2059	29	0	2	2
32	2057	29	0	3	3
33	2060	31	0	2	2
33	2061	31	0	2	2
33	2063	31	0	2	2
34	2064	31	1	2	3
34	2062	31	0	3	3
34	2066	32	0	2	2
34	2067	32	0	2	2
34	2068	32	0	2	2
34	2069	32	0	2	2
34	2070	33	0	1	1
34	2065	32	0	2	2
35	2071	33	0	2	2
35	2072	33	0	2	2
36	2073	33	1	2	3
36	2074	33	1	2	3
38	2077	36	0	2	2
38	2078	36	0	2	2
38	2079	36	0	2	2
39	2075	36	0	3	3
39	2076	36	0	3	3

Battle result: 	Win

For Earth Army:
	 - ES_Total : 33 , ET_Total : 21 , EG_Total : 23
	 - DestructedES % : 0% , DestructedET %: 0% , DestructedEG % : 0%
	 - DestructedEU % : 0%
	 - Av_Df is Undefined , Av_Dd is Undefined , Av_Db is Undefined
	 - Df/Db % is Undefined , Dd/Db % is Undefined
	 - Total Healed Units : 0
	 - Healed Soldiers : 0	 , Fixed Tanks : 0
	 - Healing % : 0%
	 - Infection % : 0%

For Alien Army:
	 - AS_Total : 59 , AM_Total : 12 , AD_Total : 9
	 - DestructedAS % : 100% , DestructedAM %: 100% , DestructedAD % : 100%
	 - DestructedAU % : 100%
	 - Av_Df : 0.275 , Av_Dd : 2.075 , Av_Db : 2.35
	 - Df/Db % : 11.7021% , Dd/Db % : 88.2979%
