Td	ID	Tj	Df	Dd	Db	
7	2	1	3	3	6
9	2002	4	0	5	5
9	2000	4	0	5	5
11	2004	7	0	4	4
12	2005	7	0	5	5
14	2007	12	0	2	2
14	2006	12	0	2	2
15	2008	12	0	3	3
17	2003	7	0	10	10
18	2001	4	0	14	14
19	9	9	0	10	10
19	6	8	0	11	11
21	2009	19	0	2	2
23	2014	21	0	2	2
28	2012	21	0	7	7
29	2011	19	0	10	10
34	2019	28	0	6	6
34	7	9	0	25	25
35	2013	21	0	14	14
35	2015	26	0	9	9
37	2010	19	0	18	18
37	2017	26	0	11	11
42	26	26	3	13	16
44	2025	42	0	2	2
44	2020	28	0	16	16
46	39	38	4	4	8
50	2026	42	0	8	8
52	2016	26	1	25	26
52	2018	28	1	23	24
52	2021	36	1	15	16
52	2028	49	0	3	3
56	31	33	0	23	23
57	2022	36	1	20	21
58	2037	57	0	1	1
62	2027	49	2	11	13
63	2029	49	2	12	14
63	2033	55	0	8	8
63	2038	57	0	6	6
65	29	28	3	34	37
66	2046	63	0	3	3
66	2039	59	0	7	7
66	59	61	0	5	5
68	2030	50	3	15	18
68	2036	57	0	11	11
70	62	63	3	4	7
71	2035	55	1	15	16
71	2052	69	0	2	2
73	2049	66	0	7	7
73	2053	69	0	4	4
73	16	17	5	51	56
73	14	15	8	50	58
73	15	15	2	56	58
73	41	40	3	30	33
73	28	28	5	40	45
73	18	17	3	53	56
73	19	24	1	48	49
75	47	54	2	19	21
80	2057	79	0	1	1
81	2023	36	2	43	45
82	2024	42	1	39	40
82	60	61	3	18	21
83	2060	81	0	2	2
83	44	51	3	29	32
84	2043	61	3	20	23
85	2048	66	3	16	19
85	2062	81	0	4	4
87	64	72	3	12	15
88	2032	50	3	35	38
89	2044	61	3	25	28
89	51	55	6	28	34
93	66	72	3	18	21
97	2031	50	3	44	47
98	2055	78	4	16	20
100	38	38	3	59	62
100	52	56	3	41	44
100	34	34	7	59	66
100	12	12	1	87	88
100	36	34	3	63	66
100	30	28	3	69	72
100	17	17	3	80	83
100	32	33	2	65	67
100	8	9	0	91	91
100	5	8	0	92	92
100	20	24	1	75	76
100	11	12	16	72	88
100	33	33	0	67	67
100	56	59	0	41	41
101	2061	81	5	15	20
102	68	73	4	25	29
103	2056	78	4	21	25
110	2077	108	0	2	2
113	2041	59	3	51	54
115	119	112	0	3	3
116	2090	114	0	2	2
116	2095	115	0	1	1
117	2082	110	0	7	7
118	2098	117	0	1	1
118	2070	104	0	14	14
120	2092	114	0	6	6
121	2093	115	0	6	6
125	2094	115	0	10	10
130	2110	127	0	3	3
130	75	76	6	48	54
131	2113	130	0	1	1
133	2112	130	0	3	3
135	2107	126	0	9	9
137	2066	98	4	35	39
139	71	75	5	59	64
142	2116	141	0	1	1
145	2111	130	0	15	15
147	2117	144	0	3	3
151	2096	117	9	25	34
152	2121	146	0	6	6
152	2122	146	0	6	6
153	2083	110	7	36	43
154	124	116	10	28	38
157	2085	112	8	37	45
159	2129	158	0	1	1
159	2124	152	0	7	7
162	2047	63	4	95	99
165	2068	98	5	62	67
166	2097	117	9	40	49
167	2138	166	0	1	1
168	2133	162	0	6	6
168	2131	158	0	10	10
170	2069	104	6	60	66
170	2139	166	0	4	4
170	2137	164	0	6	6
170	141	128	13	29	42
172	2099	120	10	42	52
175	2089	113	8	54	62
175	2144	170	0	5	5
177	2102	123	12	42	54
177	2103	123	12	42	54
178	2075	108	6	64	70
178	2149	172	0	6	6
179	2064	92	5	82	87
191	2162	188	0	3	3
194	2088	113	8	73	81
194	2045	63	4	127	131
194	2091	114	8	72	80
194	2156	184	0	10	10
195	2159	187	0	8	8
197	2153	178	0	19	19
198	130	123	28	47	75
199	2125	152	14	33	47
199	2164	188	0	11	11
199	2165	197	0	2	2
201	187	191	0	10	10
203	209	202	0	1	1
208	127	120	12	76	88
210	2118	144	12	54	66
212	2179	207	0	5	5
212	173	165	16	31	47
213	2086	112	8	93	101
213	2034	55	1	157	158
214	2170	199	0	15	15
216	2182	208	0	8	8
216	161	154	13	49	62
221	2191	215	0	6	6
221	96	94	36	91	127
222	2114	141	12	69	81
222	21	24	4	194	198
223	2126	154	15	54	69
225	120	112	8	105	113
225	183	186	23	16	39
225	74	76	3	146	149
226	155	141	43	42	85
227	2051	69	4	154	158
228	2172	201	0	27	27
228	27	26	3	199	202
229	2147	172	16	41	57
231	2204	224	0	7	7
231	162	154	19	58	77
233	230	233	0	0	0
233	136	127	13	93	106
234	43	51	77	106	183
236	2209	229	0	7	7
237	2197	219	0	18	18
237	2190	215	0	22	22
237	165	155	9	73	82
239	215	213	0	26	26
241	78	78	128	35	163
242	190	193	0	49	49
243	2207	229	0	14	14
243	2211	234	0	9	9
243	116	111	119	13	132
244	24	25	6	213	219
244	201	198	0	46	46
244	240	243	0	1	1
245	234	235	0	10	10
245	191	193	16	36	52
245	48	54	63	128	191
245	170	161	30	54	84
245	77	78	37	130	167
246	1	1	27	218	245
246	104	103	12	131	143
246	57	59	167	20	187
246	55	59	166	21	187
247	2108	127	13	107	120
251	2205	224	0	27	27
253	2161	187	17	49	66
253	110	109	8	136	144
253	117	111	8	134	142
253	137	127	13	113	126
253	111	109	8	136	144
253	85	88	7	158	165
253	129	120	12	121	133
253	147	135	15	103	118
253	69	73	4	176	180
253	216	213	15	25	40
253	106	108	7	138	145
253	81	79	10	164	174
253	135	125	13	115	128
253	133	125	13	115	128
253	95	94	7	152	159
253	88	90	6	157	163
253	72	75	5	173	178
253	98	98	7	148	155
253	70	75	10	168	178
253	80	79	4	170	174
253	23	25	5	223	228
253	49	55	2	196	198
253	25	26	6	221	227
253	76	78	5	170	175
253	50	55	2	196	198
253	35	34	3	216	219
253	54	56	4	193	197
253	73	76	6	171	177
253	63	63	3	187	190
253	42	40	3	210	213
253	46	54	2	197	199
253	45	51	3	199	202
253	65	72	3	178	181
253	82	86	5	162	167
253	61	63	3	187	190
253	122	114	0	139	139
253	139	128	0	125	125
253	132	123	4	126	130
255	2196	219	0	36	36
260	2221	252	0	8	8
261	2073	106	6	149	155
262	2074	106	6	150	156
263	2040	59	3	201	204
263	2216	250	0	13	13
267	224	225	13	29	42
269	244	251	18	0	18
270	2217	250	0	20	20
271	198	196	15	60	75
272	242	250	0	22	22
273	269	270	0	3	3
273	271	272	0	1	1
276	2127	154	15	107	122
277	208	202	15	60	75
278	2176	204	22	52	74
280	2071	104	6	170	176
280	2042	61	3	216	219
281	2058	79	5	197	202
283	2050	66	4	213	217
287	2101	120	11	156	167
288	2228	260	0	28	28
290	2132	162	15	113	128
290	2226	257	1	32	33
290	2229	260	2	28	30
291	2244	281	5	5	10
291	2241	276	10	5	15
291	2246	282	4	5	9
291	282	286	0	5	5
292	195	194	31	67	98
292	92	91	6	195	201
292	218	215	16	61	77
292	152	139	14	139	153
292	160	154	13	125	138
292	167	159	30	103	133
292	156	141	14	137	151
293	2063	92	5	196	201
293	2166	197	19	77	96
294	2231	261	0	33	33
296	2105	126	12	158	170
297	2106	126	13	158	171
298	2247	282	4	12	16
299	293	297	0	2	2
300	290	293	0	7	7
301	284	290	0	11	11
302	2115	141	12	149	161
306	2146	170	17	119	136
306	2257	305	0	1	1
307	2059	79	5	223	228
307	300	304	0	3	3
318	2193	216	25	77	102
318	308	315	0	3	3
319	140	128	13	178	191
319	193	194	15	110	125
319	112	110	8	201	209
319	107	108	19	192	211
319	87	88	7	224	231
319	143	130	14	175	189
319	83	86	5	228	233
319	125	116	25	178	203
319	97	98	7	214	221
319	53	56	10	253	263
319	84	86	13	220	233
319	40	40	3	276	279
319	90	90	6	223	229
319	58	61	3	255	258
319	134	125	2	192	194
319	131	123	11	185	196
319	148	136	5	178	183
324	2274	320	0	4	4
324	2259	306	0	18	18
325	169	161	30	134	164
327	2157	184	16	127	143
327	2272	318	0	9	9
328	2081	110	7	211	218
328	2238	269	0	59	59
328	2254	300	0	28	28
330	314	320	0	10	10
333	2160	187	17	129	146
335	2163	188	18	129	147
337	2181	208	22	107	129
338	217	215	16	107	123
339	2185	209	23	107	130
340	2148	172	17	151	168
340	2084	112	7	221	228
341	250	260	16	65	81
341	2255	305	0	36	36
341	185	189	17	135	152
341	192	193	16	132	148
341	105	103	7	231	238
341	108	108	8	225	233
341	171	161	1	179	180
341	166	159	3	179	182
342	221	217	15	110	125
343	2100	120	10	213	223
343	2249	297	0	46	46
343	331	339	0	4	4
344	338	341	0	3	3
345	2280	326	0	19	19
347	337	341	0	6	6
349	255	264	15	70	85
350	241	250	14	86	100
351	257	265	16	70	86
353	2076	108	6	239	245
354	2167	197	19	138	157
354	247	253	32	69	101
360	2123	152	14	194	208
360	2065	92	6	262	268
361	2303	359	0	2	2
362	2301	355	1	6	7
363	2054	78	4	281	285
365	2218	250	25	90	115
367	2306	362	0	5	5
367	343	355	0	12	12
371	2295	346	0	25	25
375	2183	209	21	145	166
376	2279	326	0	50	50
378	2297	350	5	23	28
379	2151	174	16	189	205
379	2302	355	0	24	24
381	2298	350	6	25	31
382	2130	158	16	208	224
382	275	279	16	87	103
382	228	229	11	142	153
382	236	236	14	132	146
382	188	191	17	174	191
382	89	90	6	286	292
382	99	98	16	268	284
382	115	111	8	263	271
382	182	186	17	179	196
382	157	148	45	189	234
382	194	194	15	173	188
382	203	199	14	169	183
382	150	136	15	231	246
382	210	202	15	165	180
382	103	103	7	272	279
384	2313	377	1	6	7
387	2192	216	24	147	171
388	2236	267	25	96	121
388	2300	355	0	33	33
388	2318	382	0	6	6
388	259	267	16	105	121
390	371	388	0	2	2
391	2239	269	25	97	122
391	2315	379	0	12	12
391	2326	389	0	2	2
392	2079	109	7	276	283
396	2253	300	27	69	96
396	2200	220	27	149	176
397	2324	389	0	8	8
405	2327	394	0	11	11
405	309	315	22	68	90
409	2291	340	36	33	69
409	316	321	46	42	88
410	297	299	51	60	111
411	186	189	17	205	222
412	2333	411	0	1	1
413	2212	234	25	154	179
414	319	326	27	61	88
418	2338	412	0	6	6
418	2334	411	0	7	7
418	2341	415	0	3	3
419	2215	239	26	154	180
425	2337	412	0	13	13
426	2080	109	7	310	317
427	180	181	31	215	246
428	2352	427	0	1	1
428	335	340	22	66	88
430	2351	427	0	3	3
430	2347	423	0	7	7
431	2284	327	35	69	104
431	2173	201	20	210	230
431	2356	428	0	3	3
432	2357	431	0	1	1
434	2141	169	16	249	265
435	253	264	15	156	171
438	243	250	14	174	188
442	261	267	17	158	175
443	2227	257	27	159	186
443	2184	209	21	213	234
445	2360	438	0	7	7
445	189	191	17	237	254
445	227	229	11	205	216
445	146	135	15	295	310
445	232	235	12	198	210
445	264	268	17	160	177
445	303	309	22	114	136
445	260	267	37	141	178
445	176	178	32	235	267
445	332	339	22	84	106
445	213	212	15	218	233
445	280	286	20	139	159
445	94	94	7	344	351
445	181	186	17	242	259
445	274	279	16	150	166
445	321	326	27	92	119
445	233	235	12	198	210
445	123	114	9	322	331
445	179	181	15	249	264
445	223	225	13	207	220
445	153	139	14	292	306
445	109	109	8	328	336
445	158	148	14	283	297
445	121	114	9	322	331
445	149	136	45	264	309
445	102	100	8	337	345
445	113	110	8	327	335
445	163	155	0	290	290
445	159	148	0	297	297
447	2365	444	0	3	3
455	2267	316	33	106	139
457	2154	178	17	262	279
457	2155	178	17	262	279
458	289	293	24	141	165
463	2378	461	0	2	2
464	2372	454	0	10	10
468	2282	327	34	107	141
468	2385	466	0	2	2
469	2283	327	35	107	142
474	2256	305	27	142	169
475	2128	154	15	306	321
475	2258	306	28	141	169
479	2398	478	0	1	1
483	2262	312	30	141	171
484	367	383	23	78	101
484	178	181	15	288	303
484	199	198	15	271	286
484	235	236	14	234	248
484	204	199	31	254	285
484	177	178	6	300	306
484	200	198	0	286	286
487	2396	478	0	9	9
492	2189	215	24	253	277
495	2067	98	4	393	397
505	2307	362	33	110	143
507	349	370	17	120	137
508	2332	398	34	76	110
509	2287	329	35	145	180
509	2415	505	0	4	4
511	2418	510	0	1	1
512	2242	276	27	209	236
513	2219	252	25	236	261
514	395	419	27	68	95
518	2072	106	5	407	412
519	2225	257	26	236	262
522	379	396	28	98	126
524	2423	517	0	7	7
526	2430	520	0	6	6
527	2210	234	25	268	293
527	2150	174	16	337	353
528	2264	314	30	184	214
529	2443	529	0	0	0
533	358	375	18	140	158
533	322	334	24	175	199
533	336	340	22	171	193
533	310	319	22	192	214
533	402	423	28	82	110
533	225	225	13	295	308
533	273	272	17	244	261
533	202	199	14	320	334
533	93	91	15	427	442
533	154	141	14	378	392
533	128	120	12	401	413
533	91	91	6	436	442
533	126	116	0	417	417
535	2439	527	0	8	8
535	368	383	50	102	152
538	2448	535	0	3	3
539	2444	532	0	7	7
544	2078	109	6	429	435
544	2350	426	36	82	118
546	2168	199	19	328	347
550	2329	394	34	122	156
552	2281	326	34	192	226
553	357	374	18	161	179
555	2450	551	0	4	4
556	2454	554	0	2	2
557	2285	329	35	193	228
557	2452	551	0	6	6
558	2453	554	0	4	4
562	2206	224	27	311	338
567	2245	281	26	260	286
568	2457	563	0	5	5
569	2248	282	25	262	287
570	2463	569	0	1	1
571	2288	338	36	197	233
571	2467	570	0	1	1
576	2472	573	0	3	3
580	237	236	14	330	344
585	2087	113	8	464	472
586	2343	418	34	134	168
587	2120	146	13	428	441
590	2269	316	33	241	274
590	2478	588	0	2	2
598	2349	426	36	136	172
601	2169	199	19	383	402
602	348	362	17	223	240
604	2305	359	35	210	245
605	2480	598	0	7	7
605	2491	604	0	1	1
606	2484	601	0	5	5
608	2490	604	0	4	4
609	2388	470	37	102	139
610	2489	604	0	6	6
612	507	539	71	2	73
613	2488	603	0	10	10
614	2497	607	0	7	7
615	2496	607	0	8	8
616	2486	603	2	11	13
616	245	251	14	351	365
619	2487	603	0	16	16
620	2503	611	0	9	9
623	345	355	17	251	268
624	2504	621	0	3	3
627	301	309	22	296	318
628	2187	210	22	396	418
628	2335	411	34	183	217
628	449	482	34	112	146
630	2512	629	0	1	1
630	2507	623	0	7	7
633	2316	379	33	221	254
634	461	487	34	113	147
636	2505	621	0	15	15
638	453	483	138	17	155
639	2516	638	0	1	1
640	2520	639	0	1	1
641	2511	629	0	12	12
643	2523	642	0	1	1
643	312	319	44	280	324
645	2522	642	0	3	3
646	2527	643	0	3	3
646	2517	638	0	8	8
648	2322	383	36	229	265
652	2135	164	15	473	488
652	267	269	37	346	383
652	476	499	35	118	153
652	377	393	27	232	259
652	347	362	38	252	290
652	389	417	59	176	235
652	427	458	33	161	194
652	212	212	15	425	440
652	291	293	24	335	359
652	258	265	16	371	387
652	442	474	34	144	178
652	393	418	27	207	234
652	222	217	15	420	435
652	390	417	27	208	235
652	448	482	70	100	170
652	296	299	22	331	353
652	353	371	18	263	281
652	382	397	29	226	255
652	373	389	25	238	263
652	398	420	27	205	232
652	238	243	17	392	409
652	138	127	28	497	525
652	318	321	27	304	331
652	252	260	16	376	392
652	205	200	15	437	452
652	334	340	22	290	312
652	168	159	14	479	493
652	248	253	15	384	399
652	164	155	13	484	497
652	172	165	32	455	487
652	231	233	10	409	419
652	256	265	16	371	387
652	151	139	14	499	513
652	206	200	15	437	452
652	118	112	3	537	540
656	2538	655	0	1	1
657	2353	427	37	193	230
657	2532	650	0	7	7
659	2195	219	26	414	440
659	2140	166	15	478	493
659	2535	654	0	5	5
660	2541	656	0	4	4
660	2542	656	0	4	4
661	600	659	0	2	2
666	422	450	34	182	216
667	2109	127	13	527	540
667	2545	659	0	8	8
668	246	251	14	403	417
668	144	130	14	524	538
668	114	110	0	558	558
671	2142	169	16	486	502
673	2175	204	22	447	469
674	362	377	19	278	297
676	307	315	45	316	361
678	2562	677	0	1	1
678	613	677	0	1	1
680	2428	518	52	110	162
680	2564	678	0	2	2
681	2558	676	0	5	5
681	432	462	34	185	219
683	2565	678	0	5	5
683	2546	666	0	17	17
685	2549	667	0	18	18
687	2567	681	0	6	6
687	2572	685	0	2	2
687	2570	685	0	2	2
687	2553	668	0	19	19
689	2261	312	28	349	377
693	2575	689	0	4	4
693	627	690	0	3	3
694	299	304	21	369	390
695	2339	415	34	246	280
695	2573	689	0	6	6
696	2369	450	36	210	246
702	2576	693	0	9	9
704	2213	239	24	441	465
704	2574	689	0	15	15
707	2268	316	33	358	391
708	2581	703	0	5	5
708	459	486	34	188	222
709	523	557	75	77	152
710	2579	703	0	7	7
712	2237	269	25	418	443
713	2276	322	33	358	391
713	2582	710	0	3	3
715	2405	498	44	173	217
716	2250	297	26	393	419
717	328	338	22	357	379
719	2383	465	36	218	254
719	528	564	38	117	155
721	2252	300	26	395	421
721	558	605	37	79	116
721	642	705	0	16	16
722	2583	710	0	12	12
724	2586	718	0	6	6
724	2587	718	0	6	6
725	385	405	94	226	320
728	2588	723	0	5	5
736	2361	438	36	262	298
738	2224	254	25	459	484
739	2593	734	0	5	5
741	375	389	53	299	352
747	2599	745	0	2	2
750	542	592	71	87	158
753	2366	447	36	270	306
756	2604	755	0	1	1
757	458	486	70	201	271
760	2600	751	0	9	9
761	2233	261	27	473	500
762	2152	174	17	571	588
763	470	496	34	233	267
763	251	260	16	487	503
763	495	530	74	159	233
763	437	470	35	258	293
763	174	165	16	582	598
763	276	279	41	443	484
763	272	272	17	474	491
763	175	178	15	570	585
763	388	417	26	320	346
763	363	377	19	367	386
763	254	264	15	484	499
763	320	326	27	410	437
763	292	297	23	443	466
763	184	189	17	557	574
763	333	339	22	402	424
763	266	269	16	478	494
763	196	196	15	552	567
763	145	135	29	599	628
763	214	213	0	550	550
768	2612	762	0	6	6
770	679	741	4	25	29
772	2275	320	34	418	452
772	532	566	39	167	206
773	2619	770	0	3	3
775	2136	164	16	595	611
775	2623	773	0	2	2
775	2621	773	0	2	2
776	2624	774	0	2	2
778	2407	498	44	236	280
779	2632	777	0	2	2
779	433	469	35	275	310
779	330	338	39	402	441
780	677	739	6	35	41
782	2628	776	0	6	6
783	2627	776	0	7	7
783	2631	777	0	6	6
785	2625	774	0	11	11
788	2630	777	0	11	11
791	2158	184	17	590	607
793	2641	789	0	4	4
795	602	663	40	92	132
796	2392	472	40	284	324
798	2458	563	52	183	235
798	2646	794	0	4	4
801	2653	798	0	3	3
802	2461	565	53	184	237
805	2656	799	0	6	6
809	530	565	39	205	244
811	2289	338	36	437	473
811	2660	809	0	2	2
812	2663	812	0	0	0
819	2188	210	23	586	609
823	2671	821	0	2	2
825	2119	144	13	668	681
828	2672	824	0	4	4
830	682	743	46	41	87
831	2678	828	0	3	3
832	2679	828	0	4	4
834	2445	532	53	249	302
834	2680	828	0	6	6
835	396	419	27	389	416
840	2683	835	0	5	5
841	645	707	47	87	134
845	2104	123	12	710	722
845	585	634	37	174	211
848	378	393	27	428	455
850	649	716	48	86	134
851	615	677	40	134	174
852	2689	843	0	9	9
857	2695	857	0	0	0
860	2199	220	27	613	640
861	2413	504	49	308	357
861	2694	857	0	4	4
870	2699	861	0	9	9
878	2704	873	0	5	5
881	570	622	38	221	259
882	2705	881	0	1	1
887	2466	570	51	266	317
890	2710	889	0	1	1
894	2429	520	52	322	374
900	2436	523	54	323	377
900	2719	898	0	2	2
900	694	763	40	97	137
901	2437	523	54	324	378
902	2368	447	36	419	455
903	2717	898	0	5	5
903	2712	892	0	11	11
908	616	678	41	189	230
908	618	678	41	189	230
916	2730	914	0	2	2
920	2214	239	24	657	681
920	2734	916	0	4	4
922	2449	535	53	334	387
922	2323	383	36	503	539
934	2743	932	0	2	2
936	2544	659	60	217	277
939	2494	605	58	276	334
942	2455	554	52	336	388
944	2414	505	49	390	439
945	838	939	3	3	6
946	2744	942	0	4	4
948	2749	943	0	5	5
949	643	707	91	151	242
950	2747	943	0	7	7
951	2501	611	58	282	340
953	2203	223	27	703	730
953	2556	671	60	222	282
954	2391	472	40	442	482
955	2143	169	17	769	786
956	2755	949	0	7	7
958	2761	953	0	5	5
959	2596	736	64	159	223
959	2763	957	0	2	2
960	2754	949	0	11	11
960	553	602	36	322	358
962	2758	952	0	10	10
965	2561	677	62	226	288
968	831	934	26	8	34
970	2776	967	0	3	3
970	2770	959	0	11	11
973	2782	970	0	3	3
974	2598	745	66	163	229
975	2180	208	22	745	767
978	740	824	48	106	154
979	2786	975	0	4	4
981	778	884	95	2	97
982	2186	210	22	750	772
982	2292	340	36	606	642
982	2777	968	0	14	14
982	416	442	104	436	540
985	2790	978	0	7	7
986	568	622	38	326	364
988	2794	982	0	6	6
990	2578	693	62	235	297
992	2800	985	0	7	7
997	2805	994	0	3	3
997	2793	982	0	15	15
997	2801	990	0	7	7
998	2442	529	54	415	469
1000	2232	261	27	712	739
1001	724	800	42	159	201
1001	752	840	159	2	161
1004	2808	997	0	7	7
1005	2812	1000	0	5	5
1006	2373	454	35	517	552
1006	2814	1003	0	3	3
1007	2479	588	58	361	419
1009	2809	997	0	12	12
1010	2377	457	36	517	553
1011	2618	770	74	167	241
1011	728	805	4	202	206
1013	2824	1010	0	3	3
1013	601	663	40	310	350
1013	612	673	40	300	340
1013	460	487	34	492	526
1013	640	705	46	262	308
1013	462	487	34	492	526
1013	655	720	50	243	293
1013	578	628	35	350	385
1013	545	594	35	384	419
1013	229	233	10	770	780
1013	493	530	34	449	483
1013	516	544	73	396	469
1013	359	375	18	620	638
1013	513	542	36	435	471
1013	219	215	16	782	798
1013	430	462	68	483	551
1013	487	515	36	462	498
1013	634	702	44	267	311
1013	559	606	37	370	407
1013	392	418	27	568	595
1013	356	374	18	621	639
1013	468	491	147	375	522
1013	689	746	46	221	267
1013	472	497	34	482	516
1013	501	533	34	446	480
1013	400	423	27	563	590
1013	614	677	40	296	336
1013	556	605	75	333	408
1013	441	471	35	507	542
1013	543	592	36	385	421
1013	650	716	134	163	297
1013	329	338	22	653	675
1013	239	243	17	753	770
1013	387	405	27	581	608
1013	483	508	36	469	505
1013	428	458	68	487	555
1013	589	646	38	329	367
1013	294	297	23	693	716
1013	419	445	67	501	568
1013	405	431	31	551	582
1013	207	200	15	798	813
1013	278	281	18	714	732
1013	317	321	27	665	692
1013	270	270	17	726	743
1013	324	334	24	655	679
1013	315	320	45	648	693
1013	551	597	36	380	416
1013	287	292	22	699	721
1013	197	196	15	802	817
1013	279	281	18	714	732
1013	443	474	34	505	539
1013	277	281	18	714	732
1013	226	229	11	773	784
1013	352	371	44	598	642
1013	211	212	27	774	801
1013	142	130	28	855	883
1013	283	290	67	656	723
1013	220	217	0	796	796
1013	101	100	8	905	913
1014	2273	320	34	660	694
1015	2823	1010	0	5	5
1015	2820	1009	0	6	6
1016	709	791	0	225	225
1018	2817	1006	0	12	12
1022	2410	499	47	476	523
1022	2832	1020	0	2	2
1024	2829	1019	0	5	5
1024	2833	1020	0	4	4
1030	2837	1024	0	6	6
1030	741	824	48	158	206
1032	2830	1019	0	13	13
1036	2819	1009	0	27	27
1037	2831	1020	3	14	17
1037	2828	1019	0	18	18
1038	2551	667	59	312	371
1043	2502	611	59	373	432
1043	2844	1037	0	6	6
1045	2555	671	60	314	374
1047	2848	1038	0	9	9
1050	2853	1040	0	10	10
1051	2174	204	22	825	847
1053	456	484	34	535	569
1056	2243	281	25	750	775
1056	2851	1039	0	17	17
1056	2849	1039	0	17	17
1059	2852	1040	0	19	19
1061	939	1060	0	1	1
1061	938	1060	0	1	1
1064	2397	478	40	546	586
1064	2868	1062	0	2	2
1064	533	566	39	459	498
1064	567	616	39	409	448
1064	708	786	41	237	278
1064	680	741	45	278	323
1064	632	699	44	321	365
1064	670	734	46	284	330
1064	403	431	31	602	633
1064	591	646	38	380	418
1064	369	383	24	657	681
1064	410	437	31	596	627
1064	364	382	22	660	682
1064	639	703	45	316	361
1064	323	334	24	706	730
1064	313	320	24	720	744
1064	326	335	24	705	729
1064	351	370	17	677	694
1064	86	88	20	956	976
1064	79	79	0	985	985
1067	2859	1057	0	10	10
1067	699	768	39	260	299
1069	654	719	89	261	350
1071	2471	573	52	446	498
1071	588	642	38	391	429
1073	2602	751	66	256	322
1076	2874	1069	0	7	7
1077	2515	632	58	387	445
1078	2875	1069	0	9	9
1078	2873	1069	0	9	9
1079	2860	1057	0	22	22
1079	811	920	50	109	159
1082	2881	1073	0	9	9
1082	2864	1060	0	22	22
1088	2878	1071	0	17	17
1089	2266	314	31	744	775
1089	286	292	22	775	797
1089	652	719	49	321	370
1089	765	859	55	175	230
1089	467	491	33	565	598
1089	346	362	16	711	727
1091	745	829	106	156	262
1092	2524	642	58	392	450
1093	2896	1088	0	5	5
1095	2893	1084	0	11	11
1096	2895	1088	0	8	8
1096	2890	1082	0	14	14
1098	2888	1082	0	16	16
1098	2898	1091	0	7	7
1099	2886	1077	0	22	22
1100	2321	383	35	682	717
1101	2134	162	15	924	939
1102	2903	1097	0	5	5
1104	751	840	52	212	264
1106	2346	423	36	647	683
1106	2904	1097	0	9	9
1108	2380	461	35	612	647
1110	797	900	54	156	210
1112	2916	1107	0	5	5
1113	2540	656	59	398	457
1113	2910	1103	0	10	10
1114	2251	297	26	791	817
1114	2354	428	36	650	686
1115	2918	1108	0	7	7
1115	2909	1103	0	12	12
1116	2925	1110	0	6	6
1117	2693	857	79	181	260
1119	2386	466	36	617	653
1121	2917	1107	0	14	14
1121	624	686	41	394	435
1122	2920	1108	0	14	14
1124	2416	505	49	570	619
1128	2933	1122	0	6	6
1129	2550	667	59	403	462
1130	2171	201	19	910	929
1131	2939	1126	0	5	5
1134	2945	1131	0	3	3
1138	2947	1131	0	7	7
1138	744	828	105	205	310
1139	2953	1137	0	2	2
1142	2456	563	52	527	579
1143	2654	799	80	264	344
1148	2559	676	62	410	472
1154	2394	477	40	637	677
1156	2952	1137	0	19	19
1157	2954	1140	0	17	17
1159	2959	1143	1	15	16
1161	2967	1151	1	9	10
1161	892	1016	54	91	145
1162	2661	809	80	273	353
1163	2568	681	62	420	482
1165	2957	1143	0	22	22
1169	2309	376	32	761	793
1171	2966	1151	3	17	20
1173	2973	1168	2	3	5
1178	2314	377	34	767	801
1178	2513	632	58	488	546
1182	2674	824	79	279	358
1184	2676	825	79	280	359
1184	2577	693	62	429	491
1184	921	1044	51	89	140
1184	841	940	49	195	244
1185	2607	756	69	360	429
1186	2317	379	34	773	807
1186	2970	1158	2	26	28
1190	788	890	106	194	300
1192	2441	529	53	610	663
1195	2296	346	35	814	849
1196	2974	1168	1	27	28
1196	2972	1168	0	28	28
1198	610	673	88	437	525
1202	2402	490	43	669	712
1204	2976	1172	0	32	32
1205	2375	457	36	712	748
1205	2687	843	80	282	362
1207	2688	843	81	283	364
1209	2234	267	25	917	942
1212	967	1082	46	84	130
1221	2986	1197	0	24	24
1221	829	934	50	237	287
1227	2697	860	80	287	367
1229	2984	1197	0	32	32
1230	2589	723	64	443	507
1232	2638	788	74	370	444
1233	3000	1207	0	26	26
1236	2999	1207	0	29	29
1240	2387	470	37	733	770
1241	2286	329	35	877	912
1246	2557	671	60	515	575
1247	947	1067	47	133	180
1249	653	719	49	481	530
1252	2769	959	92	201	293
1255	2260	306	28	921	949
1258	2566	678	62	518	580
1259	2772	966	92	201	293
1261	2774	967	93	201	294
1263	2426	518	52	693	745
1264	665	730	90	444	534
1266	2508	623	58	585	643
1268	2783	974	91	203	294
1273	824	929	102	242	344
1282	779	884	160	238	398
1283	923	1045	51	187	238
1287	2720	903	84	300	384
1287	846	944	49	294	343
1290	2474	580	54	656	710
1291	925	1050	52	189	241
1298	885	1005	53	240	293
1301	2265	314	31	956	987
1304	2616	763	71	470	541
1306	802	907	105	294	399
1308	2320	382	35	891	926
1311	2342	418	34	859	893
1315	864	970	53	292	345
1318	965	1081	45	192	237
1319	908	1027	55	237	292
1322	2271	318	34	970	1004
1331	2742	932	88	311	399
1331	2406	498	44	789	833
1334	445	478	71	785	856
1336	2585	718	62	556	618
1344	2637	788	74	482	556
1345	2547	666	59	620	679
1349	721	799	42	508	550
1354	2389	470	38	846	884
1357	2757	952	90	315	405
1357	2201	223	26	1108	1134
1357	2202	223	27	1107	1134
1361	2421	513	49	799	848
1365	2220	252	25	1088	1113
1367	2145	170	17	1180	1197
1370	2223	254	25	1091	1116
1373	2464	569	51	753	804
1380	2177	207	22	1151	1173
1382	2468	572	51	759	810
1383	2665	812	80	491	571
1385	2666	813	80	492	572
1390	2792	982	90	318	408
1391	2510	629	58	704	762
1395	2312	377	34	984	1018
1401	2802	990	91	320	411
1404	2724	907	84	413	497
1407	2370	450	36	921	957
1409	2371	450	37	922	959
1412	2614	762	71	579	650
1417	2525	643	59	715	774
1418	2526	643	59	716	775
1422	2374	454	36	932	968
1425	2376	457	36	932	968
1426	976	1089	48	289	337
1429	2194	216	25	1188	1213
1429	2735	927	86	416	502
1430	2345	423	36	971	1007
1435	2277	322	33	1080	1113
1435	712	792	93	550	643
1436	990	1099	46	291	337
1447	2696	860	80	507	587
1449	2746	942	87	420	507
1450	2748	943	87	420	507
1456	2942	1129	108	219	327
1460	2552	668	59	733	792
1462	2419	510	48	904	952
1465	2240	276	27	1162	1189
1466	870	982	53	431	484
1470	875	988	54	428	482
1479	2395	477	40	962	1002
1480	2208	229	26	1225	1251
1481	719	798	41	642	683
1484	2427	518	52	914	966
1484	886	1006	53	425	478
1486	2178	207	22	1257	1279
1486	2509	623	59	804	863
1487	2711	892	82	513	595
1488	2871	1068	99	321	420
1490	894	1016	55	419	474
1492	2791	978	91	423	514
1492	2668	813	81	598	679
1493	2714	895	85	513	598
1496	2879	1073	100	323	423
1502	2670	821	81	600	681
1510	2518	638	58	814	872
1512	2894	1088	103	321	424
1514	2611	760	71	683	754
1516	937	1060	49	407	456
1517	2899	1091	104	322	426
1517	2729	914	87	516	603
1528	2477	588	58	882	940
1528	2529	647	58	823	881
1535	2235	267	25	1243	1268
1542	2741	932	87	523	610
1543	2348	426	36	1081	1117
1544	2409	499	46	999	1045
1550	2931	1119	106	325	431
1554	2633	786	73	695	768
1554	2411	504	49	1001	1050
1556	2412	504	49	1003	1052
1556	815	921	50	585	635
1562	2500	608	59	895	954
1563	2643	791	77	695	772
1566	2702	873	79	614	693
1576	2707	881	78	617	695
1577	2222	254	25	1298	1323
1578	2855	1056	93	429	522
1578	893	1016	100	462	562
1586	2869	1062	99	425	524
1590	2872	1068	99	423	522
1595	2571	685	63	847	910
1595	2364	444	36	1115	1151
1602	2367	447	36	1119	1155
1602	2263	312	30	1260	1290
1603	2722	903	84	616	700
1603	2603	755	68	780	848
1605	2978	1183	105	317	422
1606	2889	1082	103	421	524
1614	2294	346	35	1233	1268
1615	2897	1091	104	420	524
1616	2615	763	71	782	853
1626	2821	1009	91	526	617
1637	2537	655	59	923	982
1641	2381	465	35	1141	1176
1644	2304	359	35	1250	1285
1645	2198	220	26	1399	1425
1645	2934	1122	106	417	523
1646	2935	1122	106	418	524
1650	2358	431	37	1182	1219
1652	2359	431	37	1184	1221
1656	2331	398	34	1224	1258
1660	2648	797	78	785	863
1666	2965	1146	106	414	520
1666	2595	736	64	866	930
1672	2866	1060	96	516	612
1684	2363	444	36	1204	1240
1684	2310	376	32	1276	1308
1695	2892	1084	104	507	611
1696	2401	485	41	1170	1211
1696	2440	527	54	1115	1169
1701	2319	382	35	1284	1319
1703	2617	763	72	868	940
1703	2987	1199	108	396	504
1709	2404	490	44	1175	1219
1711	2906	1102	104	505	609
1711	2907	1102	104	505	609
1714	2912	1104	104	506	610
1715	2915	1107	104	504	608
1718	685	745	45	928	973
1718	603	663	40	1015	1055
1718	790	892	55	771	826
1718	646	709	91	918	1009
1718	796	900	54	764	818
1718	933	1054	51	613	664
1718	729	805	44	869	913
1718	566	616	39	1063	1102
1718	635	702	91	925	1016
1718	723	799	42	877	919
1718	734	816	47	855	902
1718	411	437	31	1250	1281
1718	880	1002	53	663	716
1718	700	771	38	909	947
1718	548	595	71	1052	1123
1718	816	921	50	747	797
1718	839	939	49	730	779
1718	763	859	159	700	859
1718	664	730	47	941	988
1718	878	999	105	614	719
1718	983	1096	46	576	622
1718	994	1104	46	568	614
1718	896	1017	99	602	701
1718	961	1078	43	597	640
1718	916	1043	51	624	675
1718	907	1027	102	589	691
1718	772	879	54	785	839
1718	746	829	51	838	889
1718	623	686	90	942	1032
1718	531	565	39	1114	1153
1718	594	651	36	1031	1067
1718	843	940	49	729	778
1718	582	633	36	1049	1085
1718	464	490	33	1195	1228
1718	496	531	35	1152	1187
1718	912	1028	104	586	690
1718	834	936	50	732	782
1718	783	886	56	776	832
1718	898	1018	54	646	700
1718	971	1084	89	545	634
1718	975	1087	48	583	631
1718	692	758	42	918	960
1718	876	988	54	676	730
1718	785	887	159	672	831
1718	698	768	39	911	950
1718	512	542	36	1140	1176
1718	718	798	41	879	920
1718	962	1078	89	551	640
1718	681	741	87	890	977
1718	932	1054	97	567	664
1718	695	763	40	915	955
1718	750	837	51	830	881
1718	806	911	51	756	807
1718	992	1102	88	528	616
1718	775	880	54	784	838
1718	688	746	46	926	972
1718	647	709	48	961	1009
1718	795	899	54	765	819
1718	424	454	34	1230	1264
1718	504	536	35	1147	1182
1718	828	931	50	737	787
1718	580	633	35	1050	1085
1718	770	869	55	794	849
1718	481	508	36	1174	1210
1718	717	793	43	882	925
1718	381	396	28	1294	1322
1718	457	486	33	1199	1232
1718	735	816	152	750	902
1718	549	595	36	1087	1123
1718	697	768	39	911	950
1718	821	926	103	689	792
1718	517	546	38	1134	1172
1718	491	524	36	1158	1194
1718	771	869	55	794	849
1718	884	1005	103	610	713
1718	950	1071	45	602	647
1718	626	690	43	985	1028
1718	444	474	34	1210	1244
1718	991	1102	45	571	616
1718	905	1025	54	639	693
1718	705	777	41	900	941
1718	822	926	51	741	792
1718	691	758	42	918	960
1718	747	829	51	838	889
1718	748	837	51	830	881
1718	611	673	40	1005	1045
1718	823	929	49	740	789
1718	786	887	56	775	831
1718	519	546	39	1133	1172
1718	981	1095	46	577	623
1718	863	970	53	695	748
1718	852	947	50	721	771
1718	956	1075	44	599	643
1718	951	1071	45	602	647
1718	919	1044	51	623	674
1718	749	837	51	830	881
1718	926	1050	52	616	668
1718	960	1076	44	598	642
1718	579	628	35	1055	1090
1718	608	668	40	1010	1050
1718	384	397	29	1292	1321
1718	489	515	75	1128	1203
1718	350	370	17	1331	1348
1718	546	594	35	1089	1124
1718	644	707	47	964	1011
1718	413	440	32	1246	1278
1718	777	880	55	783	838
1718	575	625	37	1056	1093
1718	554	602	36	1080	1116
1718	620	681	40	997	1037
1718	675	738	46	934	980
1718	683	743	46	929	975
1718	478	504	33	1181	1214
1718	773	879	54	785	839
1718	713	792	43	883	926
1718	564	613	165	940	1105
1718	743	828	50	840	890
1718	794	899	54	765	819
1718	704	777	41	900	941
1718	867	971	54	693	747
1718	366	382	22	1314	1336
1718	536	570	75	1073	1148
1718	544	594	35	1089	1124
1718	587	642	38	1038	1076
1718	969	1082	89	547	636
1718	687	745	46	927	973
1718	401	423	63	1232	1295
1718	757	848	107	763	870
1718	966	1081	89	548	637
1718	776	880	105	733	838
1718	873	986	153	579	732
1718	836	938	49	731	780
1718	840	939	49	730	779
1718	515	544	37	1137	1174
1718	842	940	49	729	778
1718	727	805	44	869	913
1718	952	1074	44	600	644
1718	726	800	42	876	918
1718	980	1095	46	577	623
1718	725	800	42	876	918
1718	856	959	52	707	759
1718	830	934	50	734	784
1718	955	1075	44	599	643
1718	899	1018	99	601	700
1718	988	1099	46	573	619
1718	970	1084	47	587	634
1718	492	524	36	1158	1194
1718	508	541	35	1142	1177
1718	674	738	46	934	980
1718	304	313	21	1384	1405
1718	423	450	69	1199	1268
1718	473	497	34	1187	1221
1718	408	432	31	1255	1286
1718	506	539	74	1105	1179
1718	522	552	38	1128	1166
1718	452	483	34	1201	1235
1718	590	646	38	1034	1072
1718	633	699	44	975	1019
1718	524	557	39	1122	1161
1718	529	565	75	1078	1153
1718	477	499	35	1184	1219
1718	538	588	33	1097	1130
1718	584	634	37	1047	1084
1718	518	546	73	1099	1172
1718	521	552	74	1092	1166
1718	637	703	45	970	1015
1718	738	821	46	851	897
1718	676	739	45	934	979
1718	598	659	81	978	1059
1718	539	588	72	1058	1130
1718	801	906	53	759	812
1718	509	541	113	1064	1177
1718	606	665	40	1013	1053
1718	756	846	53	819	872
1718	406	432	31	1255	1286
1718	812	920	50	748	798
1718	737	821	46	851	897
1718	817	923	49	746	795
1718	793	899	105	714	819
1718	703	777	41	900	941
1718	562	613	37	1068	1105
1718	440	471	107	1140	1247
1718	982	1096	46	576	622
1718	798	900	54	764	818
1718	862	970	53	695	748
1718	946	1067	47	604	651
1718	913	1034	53	631	684
1718	986	1097	46	575	621
1718	995	1104	46	568	614
1718	882	1002	53	663	716
1718	577	628	35	1055	1090
1718	758	848	53	817	870
1718	844	944	103	671	774
1718	848	946	50	722	772
1718	941	1064	48	606	654
1718	761	851	53	814	867
1718	927	1050	99	569	668
1718	909	1027	55	636	691
1718	414	440	32	1246	1278
1718	505	539	35	1144	1179
1718	474	497	34	1187	1221
1718	436	470	35	1213	1248
1718	325	335	24	1359	1383
1718	586	642	78	998	1076
1718	503	536	74	1108	1182
1718	658	724	49	945	994
1718	659	724	49	945	994
1718	421	450	34	1234	1268
1718	656	720	50	948	998
1718	630	694	44	980	1024
1718	534	566	39	1113	1152
1718	871	986	53	679	732
1718	409	437	67	1214	1281
1718	889	1013	101	604	705
1718	663	728	48	942	990
1718	552	597	115	1006	1121
1718	469	496	34	1188	1222
1718	807	911	51	756	807
1718	739	824	154	740	894
1718	599	659	36	1023	1059
1718	417	442	32	1244	1276
1718	686	745	88	885	973
1718	808	915	104	699	803
1718	595	652	79	987	1066
1718	917	1043	51	624	675
1718	826	931	49	738	787
1718	781	886	56	776	832
1718	803	907	53	758	811
1718	684	743	46	929	975
1718	874	988	105	625	730
1718	791	892	55	771	826
1718	953	1074	44	600	644
1718	825	929	50	739	789
1718	787	890	55	773	828
1718	858	959	53	706	759
1718	902	1022	98	598	696
1718	989	1099	46	573	619
1718	928	1053	51	614	665
1718	936	1056	96	566	662
1718	963	1078	44	596	640
1718	924	1045	98	575	673
1718	344	355	17	1346	1363
1718	391	418	60	1240	1300
1718	471	496	34	1188	1222
1718	341	351	17	1350	1367
1718	340	351	17	1350	1367
1718	420	445	33	1240	1273
1718	355	374	18	1326	1344
1718	482	508	36	1174	1210
1718	593	651	36	1031	1067
1718	565	616	39	1063	1102
1718	451	483	34	1201	1235
1718	540	588	34	1096	1130
1718	711	791	93	834	927
1718	581	633	125	960	1085
1718	631	699	90	929	1019
1718	583	634	37	1047	1084
1718	872	986	53	679	732
1718	720	798	41	879	920
1718	930	1053	51	614	665
1718	813	920	50	748	798
1718	827	931	103	684	787
1718	809	915	51	752	803
1718	792	892	55	771	826
1718	911	1028	55	635	690
1718	730	807	44	867	911
1718	832	936	104	678	782
1718	759	848	53	817	870
1718	914	1034	53	631	684
1718	879	999	54	665	719
1718	762	851	107	760	867
1718	883	1005	52	661	713
1718	857	959	154	605	759
1718	996	1104	46	568	614
1718	973	1087	48	583	631
1718	997	1107	45	566	611
1718	262	268	37	1413	1450
1718	374	389	25	1304	1329
1718	342	351	17	1350	1367
1718	372	388	26	1304	1330
1718	550	597	36	1085	1121
1718	435	469	35	1214	1249
1718	480	504	33	1181	1214
1718	488	515	36	1167	1203
1718	820	926	50	742	792
1718	835	938	49	731	780
1718	710	791	41	886	927
1718	888	1006	103	609	712
1718	625	690	43	985	1028
1718	987	1097	46	575	621
1718	866	971	54	693	747
1718	985	1097	46	575	621
1718	890	1013	55	650	705
1718	619	681	40	997	1037
1718	954	1074	44	600	644
1718	755	846	53	819	872
1718	800	906	106	706	812
1718	900	1018	55	645	700
1718	958	1076	44	598	642
1718	814	921	104	693	797
1718	37	38	9	1671	1680
1718	13	15	6	1697	1703
1718	10	12	20	1686	1706
1718	4	8	0	1710	1710
1718	3	1	3	1714	1717
1718	265	269	0	1449	1449
1718	268	270	0	1448	1448
1718	263	268	0	1450	1450
1718	281	286	0	1432	1432
1718	285	290	0	1428	1428
1718	295	299	0	1419	1419
1718	298	304	0	1414	1414
1718	302	309	0	1409	1409
1718	306	313	0	1405	1405
1718	305	313	0	1405	1405
1718	327	335	0	1383	1383
1718	376	393	0	1325	1325
1718	486	512	5	1201	1206
1718	485	512	8	1198	1206
1718	535	570	0	1148	1148
1718	537	570	0	1148	1148
1718	526	564	5	1149	1154
1718	527	564	0	1154	1154
1718	520	552	0	1166	1166
1718	525	557	0	1161	1161
1718	511	542	9	1167	1176
1718	510	541	10	1167	1177
1718	500	533	0	1185	1185
1718	490	524	8	1186	1194
1718	466	491	14	1213	1227
1718	576	625	0	1093	1093
1718	573	623	0	1095	1095
1718	574	625	0	1093	1093
1718	455	484	135	1099	1234
1718	571	623	0	1095	1095
1718	434	469	170	1079	1249
1718	447	478	0	1240	1240
1718	425	454	7	1257	1264
1718	412	440	4	1274	1278
1718	404	431	0	1287	1287
1718	605	665	0	1053	1053
1718	399	420	3	1295	1298
1718	397	420	3	1295	1298
1718	394	419	253	1046	1299
1718	370	388	0	1330	1330
1718	617	678	0	1040	1040
1718	621	681	0	1037	1037
1718	648	709	0	1009	1009
1718	702	771	0	947	947
1718	701	771	0	947	947
1718	715	793	5	920	925
1718	784	887	11	820	831
1718	849	946	0	772	772
1718	851	947	0	771	771
1718	837	938	4	776	780
1718	833	936	18	764	782
1718	789	890	8	820	828
1718	819	923	9	786	795
1718	865	971	0	747	747
1718	782	886	33	799	832
1718	764	859	22	837	859
1718	768	867	14	837	851
1718	754	846	145	727	872
1718	760	851	140	727	867
1718	753	840	156	722	878
1718	881	1002	0	716	716
1718	742	828	0	890	890
1718	733	816	5	897	902
1718	887	1006	0	712	712
1718	732	807	2	909	911
1718	716	793	1	924	925
1718	693	758	12	948	960
1718	706	786	3	929	932
1718	673	738	43	937	980
1718	901	1022	0	696	696
1718	906	1025	0	693	693
1718	904	1025	0	693	693
1718	672	734	287	697	984
1718	903	1022	0	696	696
1718	671	734	295	689	984
1718	669	732	298	688	986
1718	668	732	307	679	986
1718	666	730	310	678	988
1718	662	728	313	677	990
1718	918	1043	0	675	675
1718	641	705	16	997	1013
1718	660	724	0	994	994
1718	945	1066	0	652	652
1718	944	1066	0	652	652
1718	949	1071	0	647	647
1718	942	1064	0	654	654
1718	943	1066	5	647	652
1718	935	1056	1	661	662
1718	931	1054	0	664	664
1718	934	1056	1	661	662
1718	964	1081	0	637	637
1718	968	1082	0	636	636
1718	977	1089	0	629	629
1718	979	1095	0	623	623
1718	993	1102	0	616	616

Battle result: 	Drawn

For Earth Army:
	 - ES_Total : 704 , ET_Total : 150 , EG_Total : 128
	 - DestructedES % : 100% , DestructedET %: 100% , DestructedEG % : 28.9062%
	 - DestructedEU % : 90.7332%
	 - Av_Df : 36.3928 , Av_Dd : 545.624 , Av_Db : 582.017
	 - Df/Db % : 6.25288% , Dd/Db % : 93.7471%
	 - Total Healed Units : 36
	 - Healed Soldiers : 36	 , Fixed Tanks : 0
	 - Healing % : 3.66599%
	 - Infection % : 11.5057%

For Alien Army:
	 - AS_Total : 689 , AM_Total : 186 , AD_Total : 127
	 - DestructedAS % : 58.2003% , DestructedAM %: 100% , DestructedAD % : 100%
	 - DestructedAU % : 71.2575%
	 - Av_Df : 21.9496 , Av_Dd : 245.017 , Av_Db : 266.966
	 - Df/Db % : 8.22185% , Dd/Db % : 91.7781%
